
SetupTitle, Endurance Measure 2V 1kHz After 300 000 Cycles(1)
ApplicationTest, WGFMU Pattern Editor, Public
TestParameter, Name, ExecutionMode, Enable1, Channel1, OperationMode1, VForceRange1, InitMeasRange1, Enable2, Channel2, OperationMode2, VForceRange2, InitMeasRange2, RepeatCount, WaveformCh1, WaveformCh2, MeasurementEvent, Output_to_File_for_PatternValidation, Output_Enable, Output_Filename, DataDisplay_for_RunVector, DataDisplay_PatternValidation, DataDisplay_Mode, LogToFile, LogFile, WarningLevel, IForceRange1, IForceRange2, Result_Update_Interval_s
TestParameter, Value, Run Vector, Enable, WGFMU1:RS	RSWGFMU, Fast IV Imeas, Auto, 10uA (Imeas), Enable, WGFMU2:RS	RSWGFMU, PG Vmeas, Auto, 5V (Vmeas), 1, , Disable, C:\WGFMUPatternEditor_Pattern.csv, , Disable, x(time)_y(meas), Disable, C:\WGFMUPatternEditor_Log.log, 2, 10mA, 10mA, 10
MetaData, TestRecord.EntryPoint, true
MetaData, TestRecord.RecordTime, 05/25/2021 14:17:05
MetaData, TestRecord.TestTarget, FlashIntC_1_25um_D7
MetaData, TestRecord.IterationIndex, 5
MetaData, TestRecord.Preservation, true
MetaData, TestRecord.Flag, 
MetaData, TestRecord.Remarks, 
MetaData, TestRecord.LinkKey, c51f6a28-9b5f-4bde-aab4-d1974cfda434
MetaData, TestRecord.Parameters, 
AnalysisSetup, Analysis.Setup.Vector.Graph.Enabled, true
AnalysisSetup, Analysis.Setup.Vector.Graph.ActiveYAxis, 0
AnalysisSetup, Analysis.Setup.Vector.Graph.LeftYAxis, 0
AnalysisSetup, Analysis.Setup.Vector.Graph.RightYAxis, 1
AnalysisSetup, Analysis.Setup.Vector.Graph.XAxis.Name, Time
AnalysisSetup, Analysis.Setup.Vector.Graph.XAxis.GroupName, 
AnalysisSetup, Analysis.Setup.Vector.Graph.XAxis.RunTimeAutoScale, false
AnalysisSetup, Analysis.Setup.Vector.Graph.XAxis.Unit, 
AnalysisSetup, Analysis.Setup.Vector.Graph.XAxis.Scale, Linear
AnalysisSetup, Analysis.Setup.Vector.Graph.XAxis.Left, 0
AnalysisSetup, Analysis.Setup.Vector.Graph.XAxis.Right, 0.005
AnalysisSetup, Analysis.Setup.Vector.Graph.YAxis.Name, MeasResult1_value, MeasResult2_value
AnalysisSetup, Analysis.Setup.Vector.Graph.YAxis.GroupName, , 
AnalysisSetup, Analysis.Setup.Vector.Graph.YAxis.RunTimeAutoScale, false, false
AnalysisSetup, Analysis.Setup.Vector.Graph.YAxis.Unit, , 
AnalysisSetup, Analysis.Setup.Vector.Graph.YAxis.Scale, Linear, Linear
AnalysisSetup, Analysis.Setup.Vector.Graph.YAxis.Bottom, -4.4260852399999996E-07, -1.9719705581665
AnalysisSetup, Analysis.Setup.Vector.Graph.YAxis.Top, 4.5729015599999997E-07, 1.98884928226471
AnalysisSetup, Analysis.Setup.Vector.Graph.Operation.Marker.Enabled, false
AnalysisSetup, Analysis.Setup.Vector.Graph.Operation.Marker.Interpolation, false
AnalysisSetup, Analysis.Setup.Vector.Graph.Operation.Marker.Index, 0
AnalysisSetup, Analysis.Setup.Vector.Graph.Operation.Marker.Step, 0
AnalysisSetup, Analysis.Setup.Vector.Graph.Operation.Cursor.Enabled, false
AnalysisSetup, Analysis.Setup.Vector.Graph.Operation.Cursor.Active, true
AnalysisSetup, Analysis.Setup.Vector.Graph.Operation.Cursor.NormalX, 0.5
AnalysisSetup, Analysis.Setup.Vector.Graph.Operation.Cursor.NormalY, 0.5
AnalysisSetup, Analysis.Setup.Vector.Graph.Operation.Line1.Enabled, false
AnalysisSetup, Analysis.Setup.Vector.Graph.Operation.Line1.Active, false
AnalysisSetup, Analysis.Setup.Vector.Graph.Operation.Line1.Fix, false
AnalysisSetup, Analysis.Setup.Vector.Graph.Operation.Line1.Type, 1
AnalysisSetup, Analysis.Setup.Vector.Graph.Operation.Line1.YAxisIndex, 0
AnalysisSetup, Analysis.Setup.Vector.Graph.Operation.Line1.LastIndex, -1
AnalysisSetup, Analysis.Setup.Vector.Graph.Operation.Line1.LastStep, -1
AnalysisSetup, Analysis.Setup.Vector.Graph.Operation.Line1.Cursor1.Enabled, false
AnalysisSetup, Analysis.Setup.Vector.Graph.Operation.Line1.Cursor1.Active, false
AnalysisSetup, Analysis.Setup.Vector.Graph.Operation.Line1.Cursor1.NormalX, 0.5
AnalysisSetup, Analysis.Setup.Vector.Graph.Operation.Line1.Cursor1.NormalY, 0.5
AnalysisSetup, Analysis.Setup.Vector.Graph.Operation.Line1.Cursor2.Enabled, false
AnalysisSetup, Analysis.Setup.Vector.Graph.Operation.Line1.Cursor2.Active, false
AnalysisSetup, Analysis.Setup.Vector.Graph.Operation.Line1.Cursor2.NormalX, 0.5
AnalysisSetup, Analysis.Setup.Vector.Graph.Operation.Line1.Cursor2.NormalY, 0.5
AnalysisSetup, Analysis.Setup.Vector.Graph.Operation.Line1.Gradient, 
AnalysisSetup, Analysis.Setup.Vector.Graph.Operation.Line2.Enabled, false
AnalysisSetup, Analysis.Setup.Vector.Graph.Operation.Line2.Active, false
AnalysisSetup, Analysis.Setup.Vector.Graph.Operation.Line2.Fix, false
AnalysisSetup, Analysis.Setup.Vector.Graph.Operation.Line2.Type, 1
AnalysisSetup, Analysis.Setup.Vector.Graph.Operation.Line2.YAxisIndex, 0
AnalysisSetup, Analysis.Setup.Vector.Graph.Operation.Line2.LastIndex, -1
AnalysisSetup, Analysis.Setup.Vector.Graph.Operation.Line2.LastStep, -1
AnalysisSetup, Analysis.Setup.Vector.Graph.Operation.Line2.Cursor1.Enabled, false
AnalysisSetup, Analysis.Setup.Vector.Graph.Operation.Line2.Cursor1.Active, false
AnalysisSetup, Analysis.Setup.Vector.Graph.Operation.Line2.Cursor1.NormalX, 0.5
AnalysisSetup, Analysis.Setup.Vector.Graph.Operation.Line2.Cursor1.NormalY, 0.5
AnalysisSetup, Analysis.Setup.Vector.Graph.Operation.Line2.Cursor2.Enabled, false
AnalysisSetup, Analysis.Setup.Vector.Graph.Operation.Line2.Cursor2.Active, false
AnalysisSetup, Analysis.Setup.Vector.Graph.Operation.Line2.Cursor2.NormalX, 0.5
AnalysisSetup, Analysis.Setup.Vector.Graph.Operation.Line2.Cursor2.NormalY, 0.5
AnalysisSetup, Analysis.Setup.Vector.Graph.Operation.Line2.Gradient, 
AnalysisSetup, Analysis.Setup.Vector.Graph.Preference.BackgroundColor, -1
AnalysisSetup, Analysis.Setup.Vector.Graph.Preference.TextColor, -16777216
AnalysisSetup, Analysis.Setup.Vector.Graph.Preference.GridColor, -3618616
AnalysisSetup, Analysis.Setup.Vector.Graph.Preference.LineColor, -65336
AnalysisSetup, Analysis.Setup.Vector.Graph.Preference.Var2LabelColor, -11513776
AnalysisSetup, Analysis.Setup.Vector.Graph.Preference.ChangeToColor, -24416
AnalysisSetup, Analysis.Setup.Vector.Graph.Preference.GridStyle, 0
AnalysisSetup, Analysis.Setup.Vector.Graph.Preference.LineStyle, 0
AnalysisSetup, Analysis.Setup.Vector.Graph.Preference.Var2LabelStyle, Adjacent
AnalysisSetup, Analysis.Setup.Vector.Graph.Preference.Plots.Y1.Visible, true
AnalysisSetup, Analysis.Setup.Vector.Graph.Preference.Plots.Y1.PlotColor, -16777036
AnalysisSetup, Analysis.Setup.Vector.Graph.Preference.Plots.Y1.Thickness, 1
AnalysisSetup, Analysis.Setup.Vector.Graph.Preference.Plots.Y1.PlotStyle, 0
AnalysisSetup, Analysis.Setup.Vector.Graph.Preference.Plots.Y2.Visible, true
AnalysisSetup, Analysis.Setup.Vector.Graph.Preference.Plots.Y2.PlotColor, -39936
AnalysisSetup, Analysis.Setup.Vector.Graph.Preference.Plots.Y2.Thickness, 1
AnalysisSetup, Analysis.Setup.Vector.Graph.Preference.Plots.Y2.PlotStyle, 0
AnalysisSetup, Analysis.Setup.Vector.Graph.Preference.Plots.Y3.Visible, true
AnalysisSetup, Analysis.Setup.Vector.Graph.Preference.Plots.Y3.PlotColor, -16731136
AnalysisSetup, Analysis.Setup.Vector.Graph.Preference.Plots.Y3.Thickness, 1
AnalysisSetup, Analysis.Setup.Vector.Graph.Preference.Plots.Y3.PlotStyle, 0
AnalysisSetup, Analysis.Setup.Vector.Graph.Preference.Plots.Y4.Visible, true
AnalysisSetup, Analysis.Setup.Vector.Graph.Preference.Plots.Y4.PlotColor, -8892376
AnalysisSetup, Analysis.Setup.Vector.Graph.Preference.Plots.Y4.Thickness, 1
AnalysisSetup, Analysis.Setup.Vector.Graph.Preference.Plots.Y4.PlotStyle, 0
AnalysisSetup, Analysis.Setup.Vector.Graph.Preference.Plots.Y5.Visible, true
AnalysisSetup, Analysis.Setup.Vector.Graph.Preference.Plots.Y5.PlotColor, -65536
AnalysisSetup, Analysis.Setup.Vector.Graph.Preference.Plots.Y5.Thickness, 1
AnalysisSetup, Analysis.Setup.Vector.Graph.Preference.Plots.Y5.PlotStyle, 0
AnalysisSetup, Analysis.Setup.Vector.Graph.Preference.Plots.Y6.Visible, true
AnalysisSetup, Analysis.Setup.Vector.Graph.Preference.Plots.Y6.PlotColor, -14336
AnalysisSetup, Analysis.Setup.Vector.Graph.Preference.Plots.Y6.Thickness, 1
AnalysisSetup, Analysis.Setup.Vector.Graph.Preference.Plots.Y6.PlotStyle, 0
AnalysisSetup, Analysis.Setup.Vector.Graph.Preference.Plots.Y7.Visible, true
AnalysisSetup, Analysis.Setup.Vector.Graph.Preference.Plots.Y7.PlotColor, -6946586
AnalysisSetup, Analysis.Setup.Vector.Graph.Preference.Plots.Y7.Thickness, 1
AnalysisSetup, Analysis.Setup.Vector.Graph.Preference.Plots.Y7.PlotStyle, 0
AnalysisSetup, Analysis.Setup.Vector.Graph.Preference.Plots.Y8.Visible, true
AnalysisSetup, Analysis.Setup.Vector.Graph.Preference.Plots.Y8.PlotColor, -16733546
AnalysisSetup, Analysis.Setup.Vector.Graph.Preference.Plots.Y8.Thickness, 1
AnalysisSetup, Analysis.Setup.Vector.Graph.Preference.Plots.Y8.PlotStyle, 0
AnalysisSetup, Analysis.Setup.Vector.Graph.Preference.Text.AxisTitle.FontName, Tahoma
AnalysisSetup, Analysis.Setup.Vector.Graph.Preference.Text.AxisTitle.RelativeSize, Medium
AnalysisSetup, Analysis.Setup.Vector.Graph.Preference.Text.AxisTitle.Size, 7
AnalysisSetup, Analysis.Setup.Vector.Graph.Preference.Text.ScaleText.FontName, Tahoma
AnalysisSetup, Analysis.Setup.Vector.Graph.Preference.Text.ScaleText.RelativeSize, Medium
AnalysisSetup, Analysis.Setup.Vector.Graph.Preference.Text.ScaleText.Size, 7
AnalysisSetup, Analysis.Setup.Vector.Graph.Preference.Text.Legend.FontName, Tahoma
AnalysisSetup, Analysis.Setup.Vector.Graph.Preference.Text.Legend.RelativeSize, Medium
AnalysisSetup, Analysis.Setup.Vector.Graph.Preference.Text.Legend.Size, 7
AnalysisSetup, Analysis.Setup.Vector.Graph.Preference.Scale.LogTickedDecadeCount, 6
AnalysisSetup, Analysis.Setup.Vector.Graph.Preference.LogoVisible, true
AnalysisSetup, Analysis.Setup.Vector.Graph.Preference.GridVisible, true
AnalysisSetup, Analysis.Setup.Vector.Graph.Preference.SetupSummaryVisible, false
AnalysisSetup, Analysis.Setup.Vector.Graph.Preference.ChangeColorEnabled, false
AnalysisSetup, Analysis.Setup.Vector.Graph.Preference.MinorTicksValueVisible, false
AnalysisSetup, Analysis.Setup.Vector.Graph.Preference.CursorFormat, 0
AnalysisSetup, Analysis.Setup.Vector.Graph.Preference.CursorDigits, 6
AnalysisSetup, Analysis.Setup.Vector.Graph.Preference.MarkerFormat, 0
AnalysisSetup, Analysis.Setup.Vector.Graph.Preference.MarkerDigits, 6
AnalysisSetup, Analysis.Setup.Vector.Graph.Preference.InterceptFormat, 0
AnalysisSetup, Analysis.Setup.Vector.Graph.Preference.InterceptDigits, 6
AnalysisSetup, Analysis.Setup.Vector.Graph.Preference.Var2LabelVisible, false
AnalysisSetup, Analysis.Setup.Vector.Graph.Preference.ParametersVisible, false
AnalysisSetup, Analysis.Setup.Vector.Graph.Preference.GridNumberFixity, false
AnalysisSetup, Analysis.Setup.Vector.Graph.Preference.AddsVerticalMargin, true
AnalysisSetup, Analysis.Setup.Vector.Graph.Notes, 
AnalysisSetup, Analysis.Setup.Vector.Graph.SetupInfo, 		0	0	0
AnalysisSetup, Analysis.Setup.Vector.List.Datum.Name, MeasResult1_time, MeasResult1_value, MeasResult2_time, MeasResult2_value
AnalysisSetup, Analysis.Setup.Vector.List.Datum.Unit, , , , 
AnalysisSetup, Analysis.Setup.Preference.GraphVisible, true
AnalysisSetup, Analysis.Setup.Preference.ListVisible, true
AnalysisSetup, Analysis.Setup.Preference.ScalarVisible, true
AnalysisSetup, Analysis.Setup.Title, Measurement Result
Dimension1, 500, 500, 500, 500, 500
Dimension2, 1, 1, 1, 1, 1
DataName, Time, MeasResult1_value, MeasResult2_value, MeasResult1_time, MeasResult2_time
DataValue, 5E-06, -1.2891600000000001E-07, 0.028685126453638004, 5E-06, 5E-06
DataValue, 1.5E-05, -1.70263206E-07, 0.068814598023891, 1.5E-05, 1.5E-05
DataValue, 2.5E-05, -2.2340066200000002E-07, 0.108745746314526, 2.5E-05, 2.5E-05
DataValue, 3.5000000000000004E-05, -2.2632544000000002E-07, 0.14847224950790403, 3.5000000000000004E-05, 3.5000000000000004E-05
DataValue, 4.5E-05, -1.6952061800000002E-07, 0.18835195899009702, 4.5E-05, 4.5E-05
DataValue, 5.5E-05, -2.56478415E-07, 0.22909577190876002, 5.5E-05, 5.5E-05
DataValue, 6.5000000000000008E-05, -2.30895964E-07, 0.269112169742584, 6.5000000000000008E-05, 6.5000000000000008E-05
DataValue, 7.5000000000000007E-05, -2.36211179E-07, 0.308679431676865, 7.5000000000000007E-05, 7.5000000000000007E-05
DataValue, 8.5E-05, -2.7191009600000003E-07, 0.348282992839813, 8.5E-05, 8.5E-05
DataValue, 9.5E-05, -2.64936489E-07, 0.388424783945084, 9.5E-05, 9.5E-05
DataValue, 0.000105, -2.6505009E-07, 0.42883995175361606, 0.000105, 0.000105
DataValue, 0.000115, -2.91109387E-07, 0.46880844235420205, 0.000115, 0.000115
DataValue, 0.000125, -2.79712509E-07, 0.50815486907959007, 0.000125, 0.000125
DataValue, 0.000135, -3.55428426E-07, 0.54783904552459706, 0.000135, 0.000135
DataValue, 0.000145, -2.77967899E-07, 0.58827430009841908, 0.000145, 0.000145
DataValue, 0.000155, -3.0957380700000003E-07, 0.62872147560119607, 0.000155, 0.000155
DataValue, 0.000165, -3.8565085000000003E-07, 0.6682271361351011, 0.000165, 0.000165
DataValue, 0.000175, -3.01094701E-07, 0.70794516801834106, 0.000175, 0.000175
DataValue, 0.00018500000000000002, -3.4534986100000003E-07, 0.748165190219879, 0.00018500000000000002, 0.00018500000000000002
DataValue, 0.00019500000000000002, -3.6423009000000004E-07, 0.78834533691406206, 0.00019500000000000002, 0.00019500000000000002
DataValue, 0.00020500000000000002, -3.5865753000000005E-07, 0.828600943088531, 0.00020500000000000002, 0.00020500000000000002
DataValue, 0.00021500000000000002, -3.6836797800000003E-07, 0.86857825517654408, 0.00021500000000000002, 0.00021500000000000002
DataValue, 0.00022500000000000002, -3.9261533400000005E-07, 0.90824800729751609, 0.00022500000000000002, 0.00022500000000000002
DataValue, 0.00023500000000000002, -3.8338032500000005E-07, 0.948208391666412, 0.00023500000000000002, 0.00023500000000000002
DataValue, 0.000245, -3.3966790600000005E-07, 0.98862075805664107, 0.000245, 0.000245
DataValue, 0.000255, -4.3025519900000004E-07, 1.028847813606262, 0.000255, 0.000255
DataValue, 0.000265, -4.34244441E-07, 1.0687539577484131, 0.000265, 0.000265
DataValue, 0.000275, -3.6206964200000004E-07, 1.108772397041321, 0.000275, 0.000275
DataValue, 0.00028500000000000004, -3.61496063E-07, 1.1486839056015021, 0.00028500000000000004, 0.00028500000000000004
DataValue, 0.000295, -4.42608524E-07, 1.1886798143386841, 0.000295, 0.000295
DataValue, 0.00030500000000000004, -3.7756021200000003E-07, 1.2285358905792241, 0.00030500000000000004, 0.00030500000000000004
DataValue, 0.000315, -3.6325610600000005E-07, 1.2689031362533572, 0.000315, 0.000315
DataValue, 0.00032500000000000004, -4.03095697E-07, 1.308850884437561, 0.00032500000000000004, 0.00032500000000000004
DataValue, 0.000335, -4.0138965600000005E-07, 1.3489676713943481, 0.000335, 0.000335
DataValue, 0.00034500000000000004, -3.57042637E-07, 1.3887815475463872, 0.00034500000000000004, 0.00034500000000000004
DataValue, 0.000355, -3.7902435700000004E-07, 1.428774356842041, 0.000355, 0.000355
DataValue, 0.00036500000000000004, -3.71094302E-07, 1.4691760540008552, 0.00036500000000000004, 0.00036500000000000004
DataValue, 0.000375, -3.05452772E-07, 1.5090488195419312, 0.000375, 0.000375
DataValue, 0.00038500000000000003, -4.08866725E-07, 1.5487720966339111, 0.00038500000000000003, 0.00038500000000000003
DataValue, 0.000395, -3.98457161E-07, 1.5886845588684082, 0.000395, 0.000395
DataValue, 0.00040500000000000003, -2.9420667100000003E-07, 1.6287341117858891, 0.00040500000000000003, 0.00040500000000000003
DataValue, 0.000415, -3.34033643E-07, 1.6693862676620481, 0.000415, 0.000415
DataValue, 0.00042500000000000003, -3.60216347E-07, 1.7093456983566282, 0.00042500000000000003, 0.00042500000000000003
DataValue, 0.000435, -3.65138163E-07, 1.7484694719314582, 0.000435, 0.000435
DataValue, 0.00044500000000000003, -3.1026240800000003E-07, 1.7882920503616331, 0.00044500000000000003, 0.00044500000000000003
DataValue, 0.00045500000000000006, -3.7502042E-07, 1.8285899162292481, 0.00045500000000000006, 0.00045500000000000006
DataValue, 0.000465, -3.0098672700000004E-07, 1.8689022064208982, 0.000465, 0.000465
DataValue, 0.00047500000000000005, -3.05130897E-07, 1.9088766574859621, 0.00047500000000000005, 0.00047500000000000005
DataValue, 0.000485, -3.20428626E-07, 1.9488117694854741, 0.000485, 0.000485
DataValue, 0.000495, -3.36013869E-07, 1.9886389970779421, 0.000495, 0.000495
DataValue, 0.000505, 2.20783988E-07, 1.9886217117309573, 0.000505, 0.000505
DataValue, 0.000515, 2.1018931300000003E-07, 1.9490646123886111, 0.000515, 0.000515
DataValue, 0.00052500000000000008, 2.3358398900000002E-07, 1.9092454910278323, 0.00052500000000000008, 0.00052500000000000008
DataValue, 0.000535, 2.1926165100000003E-07, 1.8692555427551272, 0.000535, 0.000535
DataValue, 0.000545, 2.86771922E-07, 1.8287333250045781, 0.000545, 0.000545
DataValue, 0.000555, 2.97964732E-07, 1.7888212203979492, 0.000555, 0.000555
DataValue, 0.00056500000000000007, 2.00582662E-07, 1.7490084171295171, 0.00056500000000000007, 0.00056500000000000007
DataValue, 0.000575, 2.51023948E-07, 1.7095471620559692, 0.000575, 0.000575
DataValue, 0.000585, 2.2829893E-07, 1.6694637537002561, 0.000585, 0.000585
DataValue, 0.000595, 2.70303161E-07, 1.6288883686065672, 0.000595, 0.000595
DataValue, 0.00060500000000000007, 2.2278246100000002E-07, 1.5892016887664802, 0.00060500000000000007, 0.00060500000000000007
DataValue, 0.000615, 2.62300887E-07, 1.5491120815277102, 0.000615, 0.000615
DataValue, 0.000625, 2.5817564600000003E-07, 1.5094919204711912, 0.000625, 0.000625
DataValue, 0.000635, 2.38989657E-07, 1.4695421457290652, 0.000635, 0.000635
DataValue, 0.00064500000000000007, 3.2170513E-07, 1.4293136596679692, 0.00064500000000000007, 0.00064500000000000007
DataValue, 0.00065500000000000009, 2.28454596E-07, 1.3892390727996831, 0.00065500000000000009, 0.00065500000000000009
DataValue, 0.000665, 2.46962486E-07, 1.3493943214416502, 0.000665, 0.000665
DataValue, 0.000675, 3.23107542E-07, 1.3092542886734011, 0.000675, 0.000675
DataValue, 0.00068500000000000006, 2.68695288E-07, 1.269395232200623, 0.00068500000000000006, 0.00068500000000000006
DataValue, 0.00069500000000000009, 2.72690812E-07, 1.2291738986968992, 0.00069500000000000009, 0.00069500000000000009
DataValue, 0.000705, 2.7229111800000004E-07, 1.1889218091964722, 0.000705, 0.000705
DataValue, 0.000715, 2.92442678E-07, 1.1488271951675422, 0.000715, 0.000715
DataValue, 0.00072500000000000006, 3.12604726E-07, 1.1090760231018071, 0.00072500000000000006, 0.00072500000000000006
DataValue, 0.00073500000000000008, 2.40194368E-07, 1.069043874740601, 0.00073500000000000008, 0.00073500000000000008
DataValue, 0.000745, 2.7647107E-07, 1.0290703773498542, 0.000745, 0.000745
DataValue, 0.000755, 2.72534436E-07, 0.98887050151824907, 0.000755, 0.000755
DataValue, 0.00076500000000000005, 3.04220293E-07, 0.94861668348312411, 0.00076500000000000005, 0.00076500000000000005
DataValue, 0.00077500000000000008, 3.27154964E-07, 0.908854246139526, 0.00077500000000000008, 0.00077500000000000008
DataValue, 0.000785, 2.46010245E-07, 0.86904990673065208, 0.000785, 0.000785
DataValue, 0.000795, 2.5106319900000004E-07, 0.829059600830078, 0.000795, 0.000795
DataValue, 0.000805, 2.7145105700000003E-07, 0.78850001096725508, 0.000805, 0.000805
DataValue, 0.00081500000000000008, 3.1151924400000004E-07, 0.74873548746109009, 0.00081500000000000008, 0.00081500000000000008
DataValue, 0.0008250000000000001, 2.8856774700000003E-07, 0.708731412887573, 0.0008250000000000001, 0.0008250000000000001
DataValue, 0.000835, 2.4139413300000003E-07, 0.668921768665314, 0.000835, 0.000835
DataValue, 0.000845, 2.9500282000000005E-07, 0.6290522813797, 0.000845, 0.000845
DataValue, 0.00085500000000000007, 2.7838189E-07, 0.588459551334381, 0.00085500000000000007, 0.00085500000000000007
DataValue, 0.0008650000000000001, 2.4161502700000003E-07, 0.54827129840850808, 0.0008650000000000001, 0.0008650000000000001
DataValue, 0.000875, 2.7946805400000004E-07, 0.508618772029877, 0.000875, 0.000875
DataValue, 0.000885, 2.9354288200000005E-07, 0.46923255920410206, 0.000885, 0.000885
DataValue, 0.00089500000000000007, 2.7119512E-07, 0.42919254302978505, 0.00089500000000000007, 0.00089500000000000007
DataValue, 0.0009050000000000001, 3.5931626E-07, 0.38886475563049305, 0.0009050000000000001, 0.0009050000000000001
DataValue, 0.000915, 2.94931283E-07, 0.34887865185737604, 0.000915, 0.000915
DataValue, 0.000925, 2.7638901700000004E-07, 0.30889502167701705, 0.000925, 0.000925
DataValue, 0.00093500000000000007, 2.43598748E-07, 0.269234389066696, 0.00093500000000000007, 0.00093500000000000007
DataValue, 0.00094500000000000009, 3.61896014E-07, 0.22958329319953902, 0.00094500000000000009, 0.00094500000000000009
DataValue, 0.000955, 2.9613247E-07, 0.18864750862121602, 0.000955, 0.000955
DataValue, 0.000965, 3.1757986100000004E-07, 0.148612082004547, 0.000965, 0.000965
DataValue, 0.00097500000000000006, 3.62333566E-07, 0.109170570969582, 0.00097500000000000006, 0.00097500000000000006
DataValue, 0.000985, 2.74961337E-07, 0.069356717169285, 0.000985, 0.000985
DataValue, 0.000995, 2.9229681800000004E-07, 0.029144113883376004, 0.000995, 0.000995
DataValue, 0.001005, 2.98390376E-07, -0.011232991702855001, 0.001005, 0.001005
DataValue, 0.001015, 3.25342313E-07, -0.05135964602232, 0.001015, 0.001015
DataValue, 0.001025, 3.1621951300000004E-07, -0.091309115290642, 0.001025, 0.001025
DataValue, 0.0010350000000000001, 2.8208850700000004E-07, -0.13108633458614302, 0.0010350000000000001, 0.0010350000000000001
DataValue, 0.0010450000000000001, 3.59526609E-07, -0.170796975493431, 0.0010450000000000001, 0.0010450000000000001
DataValue, 0.0010550000000000002, 2.7133256700000003E-07, -0.21080175042152402, 0.0010550000000000002, 0.0010550000000000002
DataValue, 0.001065, 2.68579583E-07, -0.250977367162705, 0.001065, 0.001065
DataValue, 0.001075, 3.7871959100000004E-07, -0.29106739163398704, 0.001075, 0.001075
DataValue, 0.001085, 3.4372189400000005E-07, -0.331047505140305, 0.001085, 0.001085
DataValue, 0.001095, 3.298168E-07, -0.37093567848205605, 0.001095, 0.001095
DataValue, 0.001105, 3.44355101E-07, -0.41098728775978105, 0.001105, 0.001105
DataValue, 0.001115, 3.58212532E-07, -0.45104315876960704, 0.001115, 0.001115
DataValue, 0.0011250000000000001, 3.20294959E-07, -0.49113458395004306, 0.0011250000000000001, 0.0011250000000000001
DataValue, 0.0011350000000000002, 3.1220713500000005E-07, -0.53101497888565108, 0.0011350000000000002, 0.0011350000000000002
DataValue, 0.001145, 3.51625999E-07, -0.570786237716675, 0.001145, 0.001145
DataValue, 0.001155, 3.48611479E-07, -0.611027717590332, 0.001155, 0.001155
DataValue, 0.001165, 3.93710195E-07, -0.65121567249298107, 0.001165, 0.001165
DataValue, 0.001175, 3.8381603E-07, -0.691116869449615, 0.001175, 0.001175
DataValue, 0.001185, 2.79872665E-07, -0.73114383220672607, 0.001185, 0.001185
DataValue, 0.001195, 3.0111880300000004E-07, -0.771025657653809, 0.001195, 0.001195
DataValue, 0.0012050000000000001, 3.4722867800000004E-07, -0.811228394508362, 0.0012050000000000001, 0.0012050000000000001
DataValue, 0.0012150000000000002, 3.83703849E-07, -0.851500928401947, 0.0012150000000000002, 0.0012150000000000002
DataValue, 0.0012250000000000002, 3.0966242500000004E-07, -0.89141833782196012, 0.0012250000000000002, 0.0012250000000000002
DataValue, 0.001235, 3.2757640200000005E-07, -0.931364953517914, 0.001235, 0.001235
DataValue, 0.001245, 3.7316036100000003E-07, -0.970799446105957, 0.001245, 0.001245
DataValue, 0.001255, 3.0311235800000005E-07, -1.011091351509094, 0.001255, 0.001255
DataValue, 0.001265, 3.3614034600000003E-07, -1.051505446434021, 0.001265, 0.001265
DataValue, 0.001275, 3.67073795E-07, -1.091677784919739, 0.001275, 0.001275
DataValue, 0.0012850000000000001, 3.6083577E-07, -1.131604790687561, 0.0012850000000000001, 0.0012850000000000001
DataValue, 0.0012950000000000001, 3.86409823E-07, -1.1712375879287722, 0.0012950000000000001, 0.0012950000000000001
DataValue, 0.0013050000000000002, 3.91046967E-07, -1.2111774682998662, 0.0013050000000000002, 0.0013050000000000002
DataValue, 0.001315, 3.24244922E-07, -1.2514958381652832, 0.001315, 0.001315
DataValue, 0.001325, 3.67786242E-07, -1.2918260097503662, 0.001325, 0.001325
DataValue, 0.001335, 3.1768715300000003E-07, -1.3317364454269411, 0.001335, 0.001335
DataValue, 0.001345, 4.0737128900000004E-07, -1.3711553812026982, 0.001345, 0.001345
DataValue, 0.001355, 4.06152566E-07, -1.4113440513610842, 0.001355, 0.001355
DataValue, 0.0013650000000000001, 3.5115829200000003E-07, -1.4522269964218142, 0.0013650000000000001, 0.0013650000000000001
DataValue, 0.0013750000000000001, 3.89880853E-07, -1.4921683073043821, 0.0013750000000000001, 0.0013750000000000001
DataValue, 0.0013850000000000002, 3.6901056400000003E-07, -1.5317969322204592, 0.0013850000000000002, 0.0013850000000000002
DataValue, 0.0013950000000000002, 3.25814256E-07, -1.5714920759201052, 0.0013950000000000002, 0.0013950000000000002
DataValue, 0.001405, 3.70363921E-07, -1.6116423606872561, 0.001405, 0.001405
DataValue, 0.001415, 3.9199221600000005E-07, -1.6520944833755491, 0.001415, 0.001415
DataValue, 0.001425, 3.33158795E-07, -1.6919040679931641, 0.001425, 0.001425
DataValue, 0.001435, 3.49006257E-07, -1.7316379547119141, 0.001435, 0.001435
DataValue, 0.001445, 3.72593775E-07, -1.7714219093322752, 0.001445, 0.001445
DataValue, 0.0014550000000000001, 3.21489154E-07, -1.8114759922027592, 0.0014550000000000001, 0.0014550000000000001
DataValue, 0.0014650000000000002, 3.2505622E-07, -1.8521140813827521, 0.0014650000000000002, 0.0014650000000000002
DataValue, 0.0014750000000000002, 3.4997816600000003E-07, -1.8919681310653691, 0.0014750000000000002, 0.0014750000000000002
DataValue, 0.001485, 3.66639057E-07, -1.9320200681686401, 0.001485, 0.001485
DataValue, 0.001495, 3.5624071900000003E-07, -1.9717557430267332, 0.001495, 0.001495
DataValue, 0.001505, -7.8497855000000009E-08, -1.9719705581665041, 0.001505, 0.001505
DataValue, 0.001515, -1.7313819000000003E-07, -1.9321877956390381, 0.001515, 0.001515
DataValue, 0.001525, -2.1433604E-07, -1.8922671079635622, 0.001525, 0.001525
DataValue, 0.0015350000000000001, -1.98971691E-07, -1.8525913953781132, 0.0015350000000000001, 0.0015350000000000001
DataValue, 0.0015450000000000002, -2.43496828E-07, -1.8118197917938232, 0.0015450000000000002, 0.0015450000000000002
DataValue, 0.0015550000000000002, -2.1767944200000002E-07, -1.7718945741653442, 0.0015550000000000002, 0.0015550000000000002
DataValue, 0.0015650000000000002, -1.99646962E-07, -1.7322350740432742, 0.0015650000000000002, 0.0015650000000000002
DataValue, 0.001575, -2.41137229E-07, -1.6923704147338872, 0.001575, 0.001575
DataValue, 0.001585, -2.7424093200000004E-07, -1.6525667905807502, 0.001585, 0.001585
DataValue, 0.001595, -2.80113625E-07, -1.6120854616165161, 0.001595, 0.001595
DataValue, 0.001605, -2.75808844E-07, -1.5720324516296391, 0.001605, 0.001605
DataValue, 0.0016150000000000001, -1.9475247400000002E-07, -1.5322492122650151, 0.0016150000000000001, 0.0016150000000000001
DataValue, 0.0016250000000000001, -2.3435997300000002E-07, -1.4924420118331911, 0.0016250000000000001, 0.0016250000000000001
DataValue, 0.0016350000000000002, -2.7475422800000003E-07, -1.4527596235275271, 0.0016350000000000002, 0.0016350000000000002
DataValue, 0.0016450000000000002, -2.7051606800000005E-07, -1.4121401309967041, 0.0016450000000000002, 0.0016450000000000002
DataValue, 0.001655, -2.58395545E-07, -1.3720237016677861, 0.001655, 0.001655
DataValue, 0.001665, -2.46020477E-07, -1.3319928646087651, 0.001665, 0.001665
DataValue, 0.001675, -2.87451144E-07, -1.29210638999939, 0.001675, 0.001675
DataValue, 0.001685, -2.2122829100000002E-07, -1.2522274255752561, 0.001685, 0.001685
DataValue, 0.0016950000000000001, -2.25598271E-07, -1.2122783660888672, 0.0016950000000000001, 0.0016950000000000001
DataValue, 0.0017050000000000001, -2.20107054E-07, -1.1720738410949712, 0.0017050000000000001, 0.0017050000000000001
DataValue, 0.0017150000000000002, -2.83301347E-07, -1.1320295333862311, 0.0017150000000000002, 0.0017150000000000002
DataValue, 0.0017250000000000002, -2.6018295800000003E-07, -1.0924158096313481, 0.0017250000000000002, 0.0017250000000000002
DataValue, 0.0017350000000000002, -3.0980592700000004E-07, -1.0522986650466921, 0.0017350000000000002, 0.0017350000000000002
DataValue, 0.001745, -2.70816884E-07, -1.0117031335830691, 0.001745, 0.001745
DataValue, 0.001755, -2.40250898E-07, -0.97156381607055708, 0.001755, 0.001755
DataValue, 0.001765, -2.57042217E-07, -0.93201595544815108, 0.001765, 0.001765
DataValue, 0.001775, -2.2113924600000003E-07, -0.89230144023895308, 0.001775, 0.001775
DataValue, 0.0017850000000000001, -3.0260162E-07, -0.85190635919570912, 0.0017850000000000001, 0.0017850000000000001
DataValue, 0.0017950000000000002, -3.1442832000000004E-07, -0.811789214611053, 0.0017950000000000002, 0.0017950000000000002
DataValue, 0.0018050000000000002, -3.0811386900000003E-07, -0.771794617176056, 0.0018050000000000002, 0.0018050000000000002
DataValue, 0.0018150000000000002, -2.52213624E-07, -0.73177647590637207, 0.0018150000000000002, 0.0018150000000000002
DataValue, 0.001825, -2.64955418E-07, -0.691876709461212, 0.001825, 0.001825
DataValue, 0.001835, -2.55429399E-07, -0.65191733837127708, 0.001835, 0.001835
DataValue, 0.001845, -2.95707963E-07, -0.611680448055267, 0.001845, 0.001845
DataValue, 0.001855, -3.25589582E-07, -0.571267068386078, 0.001855, 0.001855
DataValue, 0.0018650000000000001, -3.0821274800000005E-07, -0.531366169452667, 0.0018650000000000001, 0.0018650000000000001
DataValue, 0.0018750000000000002, -2.77103311E-07, -0.49167597293853804, 0.0018750000000000002, 0.0018750000000000002
DataValue, 0.0018850000000000002, -3.0078055600000003E-07, -0.45162859559059104, 0.0018850000000000002, 0.0018850000000000002
DataValue, 0.0018950000000000002, -3.0906261400000005E-07, -0.41140049695968606, 0.0018950000000000002, 0.0018950000000000002
DataValue, 0.0019050000000000002, -2.6166881600000003E-07, -0.371267855167389, 0.0019050000000000002, 0.0019050000000000002
DataValue, 0.001915, -3.4522855700000003E-07, -0.33132153749465904, 0.001915, 0.001915
DataValue, 0.001925, -3.1757889500000003E-07, -0.29156404733657804, 0.001925, 0.001925
DataValue, 0.001935, -3.6738978800000003E-07, -0.251515954732895, 0.001935, 0.001935
DataValue, 0.0019450000000000001, -3.29233814E-07, -0.21157176792621601, 0.0019450000000000001, 0.0019450000000000001
DataValue, 0.001955, -2.94006099E-07, -0.171762496232986, 0.001955, 0.001955
DataValue, 0.001965, -2.59210367E-07, -0.131525233387947, 0.001965, 0.001965
DataValue, 0.001975, -3.00190123E-07, -0.091565907001495, 0.001975, 0.001975
DataValue, 0.0019850000000000002, -3.7907204800000004E-07, -0.051882036030293004, 0.0019850000000000002, 0.0019850000000000002
DataValue, 0.0019950000000000002, -3.7479674100000003E-07, -0.011887127533555001, 0.0019950000000000002, 0.0019950000000000002
DataValue, 0.0020050000000000003, -3.3759860700000003E-07, 0.028569586575031003, 0.0020050000000000003, 0.0020050000000000003
DataValue, 0.0020150000000000003, -2.6601077300000004E-07, 0.068618394434452, 0.0020150000000000003, 0.0020150000000000003
DataValue, 0.0020250000000000003, -3.3830824000000004E-07, 0.10831071436405201, 0.0020250000000000003, 0.0020250000000000003
DataValue, 0.002035, -3.28599896E-07, 0.147954434156418, 0.002035, 0.002035
DataValue, 0.002045, -2.97483439E-07, 0.18802718818187703, 0.002045, 0.002045
DataValue, 0.002055, -2.8162193600000004E-07, 0.22918875515461, 0.002055, 0.002055
DataValue, 0.002065, -3.5054586100000005E-07, 0.268898338079452, 0.002065, 0.002065
DataValue, 0.002075, -3.1527611100000003E-07, 0.30842652916908303, 0.002075, 0.002075
DataValue, 0.002085, -2.9965721600000004E-07, 0.348323136568069, 0.002085, 0.002085
DataValue, 0.002095, -2.31393116E-07, 0.38822963833808904, 0.002095, 0.002095
DataValue, 0.002105, -3.08505861E-07, 0.42857927083969105, 0.002105, 0.002105
DataValue, 0.002115, -3.8875023700000005E-07, 0.46849104762077304, 0.002115, 0.002115
DataValue, 0.002125, -3.49908476E-07, 0.508084058761597, 0.002125, 0.002125
DataValue, 0.002135, -3.46568584E-07, 0.548059940338135, 0.002135, 0.002135
DataValue, 0.002145, -3.23357625E-07, 0.588025271892548, 0.002145, 0.002145
DataValue, 0.0021550000000000002, -4.0052364600000003E-07, 0.62861967086792, 0.0021550000000000002, 0.0021550000000000002
DataValue, 0.0021650000000000003, -3.7064342E-07, 0.66836941242218006, 0.0021650000000000003, 0.0021650000000000003
DataValue, 0.0021750000000000003, -3.69764109E-07, 0.70812976360321, 0.0021750000000000003, 0.0021750000000000003
DataValue, 0.0021850000000000003, -3.6844861000000003E-07, 0.7481637597084041, 0.0021850000000000003, 0.0021850000000000003
DataValue, 0.0021950000000000003, -4.2472612400000004E-07, 0.788087844848633, 0.0021950000000000003, 0.0021950000000000003
DataValue, 0.002205, -4.3554939600000004E-07, 0.828507244586945, 0.002205, 0.002205
DataValue, 0.002215, -3.3726343000000004E-07, 0.8685581684112551, 0.002215, 0.002215
DataValue, 0.002225, -4.20999868E-07, 0.908210694789886, 0.002225, 0.002225
DataValue, 0.002235, -3.78090334E-07, 0.947982966899872, 0.002235, 0.002235
DataValue, 0.002245, -3.5913927800000005E-07, 0.9880180358886721, 0.002245, 0.002245
DataValue, 0.002255, -4.4106445800000003E-07, 1.028546929359436, 0.002255, 0.002255
DataValue, 0.002265, -3.9163433E-07, 1.0688004493713381, 0.002265, 0.002265
DataValue, 0.002275, -3.6788975400000005E-07, 1.1088534593582151, 0.002275, 0.002275
DataValue, 0.002285, -3.3597459000000004E-07, 1.1485855579376221, 0.002285, 0.002285
DataValue, 0.002295, -3.6618578700000004E-07, 1.188498377799988, 0.002295, 0.002295
DataValue, 0.002305, -4.0387965300000005E-07, 1.2289688587188721, 0.002305, 0.002305
DataValue, 0.0023150000000000002, -3.9843894200000004E-07, 1.269261837005615, 0.0023150000000000002, 0.0023150000000000002
DataValue, 0.0023250000000000002, -3.48024287E-07, 1.309017539024353, 0.0023250000000000002, 0.0023250000000000002
DataValue, 0.0023350000000000003, -3.6731546500000005E-07, 1.349107146263123, 0.0023350000000000003, 0.0023350000000000003
DataValue, 0.0023450000000000003, -3.90408616E-07, 1.3887723684310911, 0.0023450000000000003, 0.0023450000000000003
DataValue, 0.0023550000000000003, -3.6354572300000005E-07, 1.428946256637573, 0.0023550000000000003, 0.0023550000000000003
DataValue, 0.0023650000000000003, -2.98310169E-07, 1.4694448709487922, 0.0023650000000000003, 0.0023650000000000003
DataValue, 0.002375, -3.6742974900000004E-07, 1.5095634460449221, 0.002375, 0.002375
DataValue, 0.002385, -3.6582747500000004E-07, 1.5491553544998171, 0.002385, 0.002385
DataValue, 0.002395, -3.6438436300000004E-07, 1.588958263397217, 0.002395, 0.002395
DataValue, 0.002405, -3.4542347300000003E-07, 1.629052519798279, 0.002405, 0.002405
DataValue, 0.002415, -3.07063459E-07, 1.6694610118865971, 0.002415, 0.002415
DataValue, 0.002425, -3.39073978E-07, 1.7091491222381592, 0.002425, 0.002425
DataValue, 0.002435, -2.75906331E-07, 1.7487927675247192, 0.002435, 0.002435
DataValue, 0.002445, -2.8705846900000004E-07, 1.7886048555374152, 0.002445, 0.002445
DataValue, 0.002455, -3.4141814400000004E-07, 1.8288702964782722, 0.002455, 0.002455
DataValue, 0.002465, -3.2917842E-07, 1.8692971467971802, 0.002465, 0.002465
DataValue, 0.002475, -3.09541548E-07, 1.9092454910278323, 0.002475, 0.002475
DataValue, 0.0024850000000000002, -3.1087387200000005E-07, 1.9488683938980103, 0.0024850000000000002, 0.0024850000000000002
DataValue, 0.0024950000000000003, -2.50151345E-07, 1.9885509014129641, 0.0024950000000000003, 0.0024950000000000003
DataValue, 0.0025050000000000003, 1.82437986E-07, 1.9888492822647101, 0.0025050000000000003, 0.0025050000000000003
DataValue, 0.0025150000000000003, 1.71401553E-07, 1.9495941400527952, 0.0025150000000000003, 0.0025150000000000003
DataValue, 0.0025250000000000003, 2.1776175200000002E-07, 1.9097341299057011, 0.0025250000000000003, 0.0025250000000000003
DataValue, 0.0025350000000000004, 2.49033889E-07, 1.8694732189178471, 0.0025350000000000004, 0.0025350000000000004
DataValue, 0.002545, 2.39833241E-07, 1.8290870189666753, 0.002545, 0.002545
DataValue, 0.002555, 2.3072934100000002E-07, 1.7891322374343872, 0.002555, 0.002555
DataValue, 0.002565, 3.0593545800000004E-07, 1.7492556571960451, 0.002565, 0.002565
DataValue, 0.002575, 2.2898051100000003E-07, 1.7098479270935061, 0.002575, 0.002575
DataValue, 0.002585, 2.7729078100000004E-07, 1.6696624755859382, 0.002585, 0.002585
DataValue, 0.002595, 2.46375578E-07, 1.6290944814682011, 0.002595, 0.002595
DataValue, 0.002605, 2.4192564800000004E-07, 1.5894926786422732, 0.002605, 0.002605
DataValue, 0.002615, 2.8291034900000003E-07, 1.5496245622634892, 0.002615, 0.002615
DataValue, 0.002625, 2.5123640100000004E-07, 1.5097025632858281, 0.002625, 0.002625
DataValue, 0.002635, 3.19167412E-07, 1.4697632789611821, 0.002635, 0.002635
DataValue, 0.002645, 2.26942063E-07, 1.4294192790985112, 0.002645, 0.002645
DataValue, 0.0026550000000000002, 2.4971547E-07, 1.3894761800765991, 0.0026550000000000002, 0.0026550000000000002
DataValue, 0.0026650000000000003, 2.4950441E-07, 1.3496183156967161, 0.0026650000000000003, 0.0026650000000000003
DataValue, 0.0026750000000000003, 2.44851833E-07, 1.309611439704895, 0.0026750000000000003, 0.0026750000000000003
DataValue, 0.0026850000000000003, 2.68512963E-07, 1.269608736038208, 0.0026850000000000003, 0.0026850000000000003
DataValue, 0.0026950000000000003, 2.95189324E-07, 1.22960638999939, 0.0026950000000000003, 0.0026950000000000003
DataValue, 0.0027050000000000004, 2.7576493300000003E-07, 1.1891634464263921, 0.0027050000000000004, 0.0027050000000000004
DataValue, 0.002715, 2.59650989E-07, 1.149224519729614, 0.002715, 0.002715
DataValue, 0.002725, 2.60906887E-07, 1.1091412305831911, 0.002725, 0.002725
DataValue, 0.002735, 2.5993219300000004E-07, 1.0693347454071052, 0.002735, 0.002735
DataValue, 0.002745, 2.6306170800000003E-07, 1.0294491052627561, 0.002745, 0.002745
DataValue, 0.002755, 3.1227375500000005E-07, 0.98917132616043113, 0.002755, 0.002755
DataValue, 0.002765, 3.03125688E-07, 0.948926985263824, 0.002765, 0.002765
DataValue, 0.002775, 2.97846242E-07, 0.90876197814941406, 0.002775, 0.002775
DataValue, 0.002785, 2.74324634E-07, 0.869217216968536, 0.002785, 0.002785
DataValue, 0.002795, 2.4506150000000004E-07, 0.82919412851333607, 0.002795, 0.002795
DataValue, 0.002805, 3.12989698E-07, 0.78885227441787709, 0.002805, 0.002805
DataValue, 0.0028150000000000002, 3.14119376E-07, 0.74877208471298207, 0.0028150000000000002, 0.0028150000000000002
DataValue, 0.0028250000000000003, 2.81040201E-07, 0.70867431163787808, 0.0028250000000000003, 0.0028250000000000003
DataValue, 0.0028350000000000003, 2.7780618000000004E-07, 0.668836891651154, 0.0028350000000000003, 0.0028350000000000003
DataValue, 0.0028450000000000003, 2.82234367E-07, 0.629194915294647, 0.0028450000000000003, 0.0028450000000000003
DataValue, 0.0028550000000000003, 3.2170791500000005E-07, 0.588474750518799, 0.0028550000000000003, 0.0028550000000000003
DataValue, 0.0028650000000000004, 2.6324613600000004E-07, 0.54864889383316007, 0.0028650000000000004, 0.0028650000000000004
DataValue, 0.0028750000000000004, 2.7352385200000003E-07, 0.5089470744133, 0.0028750000000000004, 0.0028750000000000004
DataValue, 0.002885, 2.84871646E-07, 0.46912652254104603, 0.002885, 0.002885
DataValue, 0.002895, 3.09823008E-07, 0.42930105328559903, 0.002895, 0.002895
DataValue, 0.002905, 3.2124512500000005E-07, 0.38878586888313305, 0.002905, 0.002905
DataValue, 0.002915, 2.96001332E-07, 0.348747611045837, 0.002915, 0.002915
DataValue, 0.002925, 2.70243561E-07, 0.30918350815773005, 0.002925, 0.002925
DataValue, 0.002935, 2.81762453E-07, 0.26961201429367104, 0.002935, 0.002935
DataValue, 0.002945, 3.0471534300000004E-07, 0.22971221804618802, 0.002945, 0.002945
DataValue, 0.002955, 2.7765472100000003E-07, 0.188822582364082, 0.002955, 0.002955
DataValue, 0.002965, 3.17393329E-07, 0.148780107498169, 0.002965, 0.002965
DataValue, 0.002975, 2.95275584E-07, 0.10907616466283801, 0.002975, 0.002975
DataValue, 0.0029850000000000002, 3.1734214200000005E-07, 0.069254912436008009, 0.0029850000000000002, 0.0029850000000000002
DataValue, 0.0029950000000000003, 2.7818134600000003E-07, 0.029292764142156, 0.0029950000000000003, 0.0029950000000000003
DataValue, 0.0030050000000000003, 2.8594871500000004E-07, -0.011056864634156002, 0.0030050000000000003, 0.0030050000000000003
DataValue, 0.0030150000000000003, 2.95376566E-07, -0.051166962832212004, 0.0030150000000000003, 0.0030150000000000003
DataValue, 0.0030250000000000003, 3.2104105700000004E-07, -0.091019205749035, 0.0030250000000000003, 0.0030250000000000003
DataValue, 0.0030350000000000004, 3.2467338000000004E-07, -0.13081756234169, 0.0030350000000000004, 0.0030350000000000004
DataValue, 0.0030450000000000004, 3.1517470200000005E-07, -0.17071911692619302, 0.0030450000000000004, 0.0030450000000000004
DataValue, 0.003055, 3.3120167600000005E-07, -0.211014151573181, 0.003055, 0.003055
DataValue, 0.003065, 3.3170096000000003E-07, -0.25147333741188, 0.003065, 0.003065
DataValue, 0.003075, 3.44019924E-07, -0.29148092865943903, 0.003075, 0.003075
DataValue, 0.003085, 3.0782734900000004E-07, -0.331027776002884, 0.003085, 0.003085
DataValue, 0.003095, 3.8283855000000004E-07, -0.370825409889221, 0.003095, 0.003095
DataValue, 0.003105, 3.4366019000000005E-07, -0.41098552942276, 0.003105, 0.003105
DataValue, 0.003115, 3.29600823E-07, -0.45112204551696805, 0.003115, 0.003115
DataValue, 0.003125, 3.5770276000000004E-07, -0.491121888160706, 0.003125, 0.003125
DataValue, 0.003135, 3.4161053E-07, -0.530958652496338, 0.003135, 0.003135
DataValue, 0.0031450000000000002, 3.2119814400000003E-07, -0.570553719997406, 0.0031450000000000002, 0.0031450000000000002
DataValue, 0.0031550000000000003, 3.7264425100000005E-07, -0.610772669315338, 0.0031550000000000003, 0.0031550000000000003
DataValue, 0.0031650000000000003, 4.14926888E-07, -0.65124773979187, 0.0031650000000000003, 0.0031650000000000003
DataValue, 0.0031750000000000003, 3.28081285E-07, -0.691208481788635, 0.0031750000000000003, 0.0031750000000000003
DataValue, 0.0031850000000000003, 3.1987843800000003E-07, -0.730890214443207, 0.0031850000000000003, 0.0031850000000000003
DataValue, 0.0031950000000000004, 3.5906310800000004E-07, -0.770943224430084, 0.0031950000000000004, 0.0031950000000000004
DataValue, 0.0032050000000000004, 3.58928474E-07, -0.81106567382812511, 0.0032050000000000004, 0.0032050000000000004
DataValue, 0.0032150000000000004, 3.6278024100000005E-07, -0.851134181022644, 0.0032150000000000004, 0.0032150000000000004
DataValue, 0.003225, 3.24009306E-07, -0.891237258911133, 0.003225, 0.003225
DataValue, 0.003235, 3.47438345E-07, -0.931262791156769, 0.003235, 0.003235
DataValue, 0.003245, 3.6502766E-07, -0.97081422805786111, 0.003245, 0.003245
DataValue, 0.003255, 3.8755283100000005E-07, -1.0111095905303962, 0.003255, 0.003255
DataValue, 0.003265, 3.51446488E-07, -1.05162239074707, 0.003265, 0.003265
DataValue, 0.003275, 3.2902440200000005E-07, -1.09185254573822, 0.003275, 0.003275
DataValue, 0.003285, 3.38847741E-07, -1.1318594217300422, 0.003285, 0.003285
DataValue, 0.003295, 4.57290156E-07, -1.171396732330322, 0.003295, 0.003295
DataValue, 0.003305, 3.4667331800000004E-07, -1.2111109495162962, 0.003305, 0.003305
DataValue, 0.0033150000000000002, 3.2101232300000005E-07, -1.251781105995178, 0.0033150000000000002, 0.0033150000000000002
DataValue, 0.0033250000000000003, 3.7561250100000003E-07, -1.2920835018157961, 0.0033250000000000003, 0.0033250000000000003
DataValue, 0.0033350000000000003, 3.75663006E-07, -1.331536650657654, 0.0033350000000000003, 0.0033350000000000003
DataValue, 0.0033450000000000003, 3.4940384800000003E-07, -1.37139105796814, 0.0033450000000000003, 0.0033450000000000003
DataValue, 0.0033550000000000003, 3.55159443E-07, -1.4117379188537602, 0.0033550000000000003, 0.0033550000000000003
DataValue, 0.0033650000000000004, 3.71786683E-07, -1.4521671533584601, 0.0033650000000000004, 0.0033650000000000004
DataValue, 0.0033750000000000004, 3.3394204E-07, -1.4919199943542481, 0.0033750000000000004, 0.0033750000000000004
DataValue, 0.0033850000000000004, 4.1132685200000003E-07, -1.531954407691956, 0.0033850000000000004, 0.0033850000000000004
DataValue, 0.003395, 3.41665242E-07, -1.5716850757598881, 0.003395, 0.003395
DataValue, 0.003405, 3.00657405E-07, -1.6115140914916992, 0.003405, 0.003405
DataValue, 0.003415, 3.69004255E-07, -1.652029275894165, 0.003415, 0.003415
DataValue, 0.003425, 3.3551978600000005E-07, -1.692115783691406, 0.003425, 0.003425
DataValue, 0.003435, 3.70815485E-07, -1.7318168878555302, 0.003435, 0.003435
DataValue, 0.003445, 3.0254017200000005E-07, -1.7715098857879641, 0.003445, 0.003445
DataValue, 0.003455, 3.2219526200000003E-07, -1.8116288185119631, 0.003455, 0.003455
DataValue, 0.003465, 3.63771761E-07, -1.8523758649826052, 0.003465, 0.003465
DataValue, 0.0034750000000000002, 3.09085323E-07, -1.8921101093292241, 0.0034750000000000002, 0.0034750000000000002
DataValue, 0.0034850000000000003, 3.0538291200000003E-07, -1.9318445920944212, 0.0034850000000000003, 0.0034850000000000003
DataValue, 0.0034950000000000003, 3.86650356E-07, -1.9719280004501341, 0.0034950000000000003, 0.0034950000000000003
DataValue, 0.0035050000000000003, -1.31848481E-07, -1.9719543457031252, 0.0035050000000000003, 0.0035050000000000003
DataValue, 0.0035150000000000003, -1.7871285300000002E-07, -1.9320971965789802, 0.0035150000000000003, 0.0035150000000000003
DataValue, 0.0035250000000000004, -1.8471737900000002E-07, -1.8922928571701052, 0.0035250000000000004, 0.0035250000000000004
DataValue, 0.0035350000000000004, -1.9645924000000002E-07, -1.8525481224060061, 0.0035350000000000004, 0.0035350000000000004
DataValue, 0.0035450000000000004, -3.0356508800000003E-07, -1.8118560314178471, 0.0035450000000000004, 0.0035450000000000004
DataValue, 0.0035550000000000004, -1.95309937E-07, -1.771971702575684, 0.0035550000000000004, 0.0035550000000000004
DataValue, 0.003565, -2.0019111000000002E-07, -1.7320131063461302, 0.003565, 0.003565
DataValue, 0.003575, -2.81319018E-07, -1.692173957824707, 0.003575, 0.003575
DataValue, 0.003585, -2.26429208E-07, -1.6527521610260012, 0.003585, 0.003585
DataValue, 0.003595, -2.23756174E-07, -1.612481355667114, 0.003595, 0.003595
DataValue, 0.003605, -2.85520684E-07, -1.5722744464874272, 0.003605, 0.003605
DataValue, 0.003615, -2.41059382E-07, -1.5323319435119631, 0.003615, 0.003615
DataValue, 0.003625, -2.49987977E-07, -1.4923821687698362, 0.003625, 0.003625
DataValue, 0.003635, -2.47673256E-07, -1.4528483152389531, 0.003635, 0.003635
DataValue, 0.0036450000000000002, -2.8034992300000003E-07, -1.4121785163879401, 0.0036450000000000002, 0.0036450000000000002
DataValue, 0.0036550000000000003, -1.9863300300000001E-07, -1.3721797466278081, 0.0036550000000000003, 0.0036550000000000003
DataValue, 0.0036650000000000003, -2.1548253000000001E-07, -1.332072496414185, 0.0036650000000000003, 0.0036650000000000003
DataValue, 0.0036750000000000003, -3.0990759100000005E-07, -1.292244553565979, 0.0036750000000000003, 0.0036750000000000003
DataValue, 0.0036850000000000003, -2.10631512E-07, -1.2522432804107671, 0.0036850000000000003, 0.0036850000000000003
DataValue, 0.0036950000000000004, -2.3102849400000001E-07, -1.2117929458618162, 0.0036950000000000004, 0.0036950000000000004
DataValue, 0.0037050000000000004, -2.84314609E-07, -1.1718426942825322, 0.0037050000000000004, 0.0037050000000000004
DataValue, 0.0037150000000000004, -2.4359008E-07, -1.1320521831512451, 0.0037150000000000004, 0.0037150000000000004
DataValue, 0.0037250000000000004, -2.79225191E-07, -1.092166066169739, 0.0037250000000000004, 0.0037250000000000004
DataValue, 0.003735, -2.2406331400000001E-07, -1.05202853679657, 0.003735, 0.003735
DataValue, 0.003745, -2.5664741100000004E-07, -1.011616468429565, 0.003745, 0.003745
DataValue, 0.003755, -2.98530352E-07, -0.971431732177734, 0.003755, 0.003755
DataValue, 0.003765, -2.46601786E-07, -0.9318683147430421, 0.003765, 0.003765
DataValue, 0.003775, -2.8725060000000004E-07, -0.892049908638, 0.003775, 0.003775
DataValue, 0.003785, -2.65071122E-07, -0.85166084766387906, 0.003785, 0.003785
DataValue, 0.003795, -2.9135060200000004E-07, -0.81164091825485207, 0.003795, 0.003795
DataValue, 0.0038050000000000002, -2.9278669400000004E-07, -0.771649539470673, 0.0038050000000000002, 0.0038050000000000002
DataValue, 0.0038150000000000002, -3.04612712E-07, -0.731658458709717, 0.0038150000000000002, 0.0038150000000000002
DataValue, 0.0038250000000000003, -2.6109663100000004E-07, -0.69185024499893211, 0.0038250000000000003, 0.0038250000000000003
DataValue, 0.0038350000000000003, -2.7318279200000003E-07, -0.65214246511459306, 0.0038350000000000003, 0.0038350000000000003
DataValue, 0.0038450000000000003, -3.6634986600000004E-07, -0.61157828569412209, 0.0038450000000000003, 0.0038450000000000003
DataValue, 0.0038550000000000004, -2.5850633300000004E-07, -0.571240961551666, 0.0038550000000000004, 0.0038550000000000004
DataValue, 0.0038650000000000004, -2.49659792E-07, -0.531541287899017, 0.0038650000000000004, 0.0038650000000000004
DataValue, 0.0038750000000000004, -3.4093639600000004E-07, -0.491462886333466, 0.0038750000000000004, 0.0038750000000000004
DataValue, 0.0038850000000000004, -3.53868245E-07, -0.451462686061859, 0.0038850000000000004, 0.0038850000000000004
DataValue, 0.0038950000000000005, -2.9605297400000005E-07, -0.41158542037010204, 0.0038950000000000005, 0.0038950000000000005
DataValue, 0.003905, -3.17895143E-07, -0.37159615755081205, 0.003905, 0.003905
DataValue, 0.003915, -3.11248328E-07, -0.33153784275054904, 0.003915, 0.003915
DataValue, 0.0039250000000000005, -3.04273328E-07, -0.291727155447006, 0.0039250000000000005, 0.0039250000000000005
DataValue, 0.003935, -2.9902611200000003E-07, -0.25159731507301303, 0.003935, 0.003935
DataValue, 0.0039450000000000006, -3.43394873E-07, -0.211375564336777, 0.0039450000000000006, 0.0039450000000000006
DataValue, 0.003955, -2.81138796E-07, -0.17124046385288202, 0.003955, 0.003955
DataValue, 0.0039650000000000006, -3.19122279E-07, -0.131642192602158, 0.0039650000000000006, 0.0039650000000000006
DataValue, 0.003975, -3.57078392E-07, -0.091688141226768008, 0.003975, 0.003975
DataValue, 0.003985, -3.0077706E-07, -0.051808062940836, 0.003985, 0.003985
DataValue, 0.003995, -3.06759119E-07, -0.011630333960056001, 0.003995, 0.003995
DataValue, 0.004005, -3.2721922600000004E-07, 0.028728101402521, 0.004005, 0.004005
DataValue, 0.004015, -3.24034289E-07, 0.068838901817799, 0.004015, 0.004015
DataValue, 0.004025, -3.22075806E-07, 0.10869291424751301, 0.004025, 0.004025
DataValue, 0.004035, -3.4478046E-07, 0.148425385355949, 0.004035, 0.004035
DataValue, 0.004045, -3.0144460100000005E-07, 0.18856613337993602, 0.004045, 0.004045
DataValue, 0.0040550000000000004, -2.83762034E-07, 0.22924546897411302, 0.0040550000000000004, 0.0040550000000000004
DataValue, 0.004065, -2.7970341400000005E-07, 0.26883000135421703, 0.004065, 0.004065
DataValue, 0.0040750000000000005, -3.3039572100000004E-07, 0.30857306718826305, 0.0040750000000000005, 0.0040750000000000005
DataValue, 0.004085, -3.22565256E-07, 0.34824883937835704, 0.004085, 0.004085
DataValue, 0.0040950000000000005, -3.0826814200000003E-07, 0.38839909434318504, 0.0040950000000000005, 0.0040950000000000005
DataValue, 0.004105, -3.27520041E-07, 0.428651124238968, 0.004105, 0.004105
DataValue, 0.0041150000000000006, -3.27224825E-07, 0.46864497661590604, 0.0041150000000000006, 0.0041150000000000006
DataValue, 0.004125, -3.345273E-07, 0.508141815662384, 0.004125, 0.004125
DataValue, 0.0041350000000000007, -3.05398771E-07, 0.54798597097396806, 0.0041350000000000007, 0.0041350000000000007
DataValue, 0.004145, -3.75944609E-07, 0.588267624378204, 0.004145, 0.004145
DataValue, 0.004155, -4.06623514E-07, 0.62875461578369107, 0.004155, 0.004155
DataValue, 0.004165, -4.09635959E-07, 0.66851383447647106, 0.004165, 0.004165
DataValue, 0.004175, -3.94485483E-07, 0.70819491147995006, 0.004175, 0.004175
DataValue, 0.004185, -3.82313061E-07, 0.74824583530426, 0.004185, 0.004185
DataValue, 0.004195, -3.6635339E-07, 0.7883608341217041, 0.004195, 0.004195
DataValue, 0.004205, -4.4067036200000003E-07, 0.82866507768631, 0.004205, 0.004205
DataValue, 0.004215, -4.4095156700000006E-07, 0.86854231357574507, 0.004215, 0.004215
DataValue, 0.0042250000000000005, -3.5735186500000005E-07, 0.90837025642395008, 0.0042250000000000005, 0.0042250000000000005
DataValue, 0.004235, -4.1463422900000004E-07, 0.948360562324524, 0.004235, 0.004235
DataValue, 0.0042450000000000005, -4.0588094000000005E-07, 0.9885062575340271, 0.0042450000000000005, 0.0042450000000000005
DataValue, 0.004255, -3.64534429E-07, 1.0285184383392332, 0.004255, 0.004255
DataValue, 0.0042650000000000006, -3.9335441200000003E-07, 1.0685914754867552, 0.0042650000000000006, 0.0042650000000000006
DataValue, 0.004275, -3.5128914500000004E-07, 1.108674883842468, 0.004275, 0.004275
DataValue, 0.0042850000000000006, -4.4072996300000003E-07, 1.148640513420105, 0.0042850000000000006, 0.0042850000000000006
DataValue, 0.004295, -3.99499157E-07, 1.1884734630584721, 0.004295, 0.004295
DataValue, 0.0043050000000000007, -3.7494538700000005E-07, 1.2287331819534302, 0.0043050000000000007, 0.0043050000000000007
DataValue, 0.004315, -3.5988816200000003E-07, 1.2691951990127561, 0.004315, 0.004315
DataValue, 0.004325, -3.5003049000000005E-07, 1.3090862035751341, 0.004325, 0.004325
DataValue, 0.004335, -3.4246716000000004E-07, 1.3488672971725462, 0.004335, 0.004335
DataValue, 0.004345, -3.8719352300000004E-07, 1.3887695074081421, 0.004345, 0.004345
DataValue, 0.004355, -3.1635528300000005E-07, 1.428791284561157, 0.004355, 0.004355
DataValue, 0.004365, -3.4137536900000004E-07, 1.4691592454910281, 0.004365, 0.004365
DataValue, 0.004375, -3.76001424E-07, 1.5090935230255131, 0.004375, 0.004375
DataValue, 0.004385, -2.95541781E-07, 1.5488495826721191, 0.004385, 0.004385
DataValue, 0.0043950000000000005, -3.13802843E-07, 1.588763475418091, 0.0043950000000000005, 0.0043950000000000005
DataValue, 0.004405, -2.8559151100000003E-07, 1.628894686698914, 0.004405, 0.004405
DataValue, 0.0044150000000000005, -3.15526449E-07, 1.6693700551986692, 0.0044150000000000005, 0.0044150000000000005
DataValue, 0.004425, -3.4318731000000003E-07, 1.7094527482986452, 0.004425, 0.004425
DataValue, 0.0044350000000000006, -3.53915908E-07, 1.7488790750503542, 0.0044350000000000006, 0.0044350000000000006
DataValue, 0.004445, -2.6762776900000003E-07, 1.7887662649154661, 0.004445, 0.004445
DataValue, 0.0044550000000000006, -2.9944826000000004E-07, 1.8291919231414802, 0.0044550000000000006, 0.0044550000000000006
DataValue, 0.004465, -2.72386217E-07, 1.8694760799407961, 0.004465, 0.004465
DataValue, 0.0044750000000000007, -3.24618412E-07, 1.9093853235244751, 0.0044750000000000007, 0.0044750000000000007
DataValue, 0.004485, -3.6245111800000005E-07, 1.9490047693252561, 0.004485, 0.004485
DataValue, 0.004495, -2.87493918E-07, 1.9886227846145632, 0.004495, 0.004495
DataValue, 0.004505, 1.2384997200000002E-07, 1.9886795282363892, 0.004505, 0.004505
DataValue, 0.004515, 2.2868319100000002E-07, 1.9490948915481572, 0.004515, 0.004515
DataValue, 0.004525, 2.3799815100000003E-07, 1.9094142913818362, 0.004525, 0.004525
DataValue, 0.004535, 2.7489824100000003E-07, 1.8696542978286741, 0.004535, 0.004535
DataValue, 0.004545, 2.0013457900000002E-07, 1.8293081521987922, 0.004545, 0.004545
DataValue, 0.004555, 2.73629752E-07, 1.7890526056289671, 0.004555, 0.004555
DataValue, 0.0045650000000000005, 2.3732988600000003E-07, 1.7489840984344482, 0.0045650000000000005, 0.0045650000000000005
DataValue, 0.004575, 2.06168536E-07, 1.709593653678894, 0.004575, 0.004575
DataValue, 0.0045850000000000005, 3.0409268E-07, 1.6693655252456672, 0.0045850000000000005, 0.0045850000000000005
DataValue, 0.004595, 3.03047159E-07, 1.6292287111282351, 0.004595, 0.004595
DataValue, 0.0046050000000000006, 2.3665531E-07, 1.5893182754516602, 0.0046050000000000006, 0.0046050000000000006
DataValue, 0.004615, 2.2912004700000002E-07, 1.5493611097335822, 0.004615, 0.004615
DataValue, 0.0046250000000000006, 2.84267202E-07, 1.5096493959426882, 0.0046250000000000006, 0.0046250000000000006
DataValue, 0.004635, 2.3655364600000003E-07, 1.4697535037994391, 0.004635, 0.004635
DataValue, 0.0046450000000000007, 2.33310516E-07, 1.4295035600662231, 0.0046450000000000007, 0.0046450000000000007
DataValue, 0.004655, 2.93883659E-07, 1.3892873525619511, 0.004655, 0.004655
DataValue, 0.004665, 2.9867086900000004E-07, 1.3494738340377812, 0.004665, 0.004665
DataValue, 0.004675, 2.62638167E-07, 1.309580445289612, 0.004675, 0.004675
DataValue, 0.004685, 2.5736153500000003E-07, 1.269617557525635, 0.004685, 0.004685
DataValue, 0.004695, 2.43771268E-07, 1.22922956943512, 0.004695, 0.004695
DataValue, 0.004705, 2.52519641E-07, 1.18902051448822, 0.004705, 0.004705
DataValue, 0.0047150000000000004, 3.51457714E-07, 1.1489477157592771, 0.0047150000000000004, 0.0047150000000000004
DataValue, 0.004725, 2.5385054400000003E-07, 1.1091039180755622, 0.004725, 0.004725
DataValue, 0.0047350000000000005, 2.65431822E-07, 1.0691554546356201, 0.0047350000000000005, 0.0047350000000000005
DataValue, 0.004745, 2.7396703200000004E-07, 1.0291862487792971, 0.004745, 0.004745
DataValue, 0.0047550000000000005, 2.4928701200000004E-07, 0.9889723062515261, 0.0047550000000000005, 0.0047550000000000005
DataValue, 0.004765, 2.7992595600000004E-07, 0.94879668951034513, 0.004765, 0.004765
DataValue, 0.0047750000000000006, 2.3562944300000002E-07, 0.90906667709350608, 0.0047750000000000006, 0.0047750000000000006
DataValue, 0.004785, 2.7334084500000003E-07, 0.86924648284912109, 0.004785, 0.004785
DataValue, 0.0047950000000000007, 3.11740848E-07, 0.82926386594772306, 0.0047950000000000007, 0.0047950000000000007
DataValue, 0.004805, 2.97015987E-07, 0.78880292177200306, 0.004805, 0.004805
DataValue, 0.0048150000000000007, 2.67590167E-07, 0.74850475788116411, 0.0048150000000000007, 0.0048150000000000007
DataValue, 0.004825, 2.61858418E-07, 0.70858275890350308, 0.004825, 0.004825
DataValue, 0.004835, 3.0025421400000004E-07, 0.6688678860664371, 0.004835, 0.004835
DataValue, 0.004845, 2.9838128100000004E-07, 0.629051923751831, 0.004845, 0.004845
DataValue, 0.004855, 3.0079624500000003E-07, 0.588445484638214, 0.004855, 0.004855
DataValue, 0.004865, 3.4296039100000004E-07, 0.54852104187011708, 0.004865, 0.004865
DataValue, 0.004875, 2.86372938E-07, 0.508901596069336, 0.004875, 0.004875
DataValue, 0.0048850000000000005, 2.86704619E-07, 0.46923288702964805, 0.0048850000000000005, 0.0048850000000000005
DataValue, 0.004895, 2.9466411900000003E-07, 0.429032266139984, 0.004895, 0.004895
DataValue, 0.0049050000000000005, 2.95087659E-07, 0.38888272643089306, 0.0049050000000000005, 0.0049050000000000005
DataValue, 0.004915, 3.06422805E-07, 0.349008291959763, 0.004915, 0.004915
DataValue, 0.0049250000000000006, 2.80043054E-07, 0.30906021595001204, 0.0049250000000000006, 0.0049250000000000006
DataValue, 0.004935, 3.6981484200000004E-07, 0.269207626581192, 0.004935, 0.004935
DataValue, 0.0049450000000000006, 2.49679715E-07, 0.228991851210594, 0.0049450000000000006, 0.0049450000000000006
DataValue, 0.004955, 3.1933220200000003E-07, 0.18844355642795602, 0.004955, 0.004955
DataValue, 0.0049650000000000007, 2.60552753E-07, 0.148695573210716, 0.0049650000000000007, 0.0049650000000000007
DataValue, 0.004975, 2.49143966E-07, 0.10867177695035901, 0.004975, 0.004975
DataValue, 0.0049850000000000007, 3.2666693500000005E-07, 0.068757534027100012, 0.0049850000000000007, 0.0049850000000000007
DataValue, 0.004995, 3.5161969E-07, 0.028956715017557002, 0.004995, 0.004995
SetupTitle, WGFMU Pattern Editor Child DataDisplay
ApplicationTest, WGFMU Pattern Editor Child DataDisplay, Public
TestParameter, Name, DataDisplayID, NumOfDisplay, DisplayIndex, TimeMax, ValueLimit, Waveform1_time, Waveform1_voltage, Waveform2_time, Waveform2_voltage, MeasTiming_time, MeasTiming_flag, MeasResult1_time, MeasResult1_value, MeasResult2_time, MeasResult2_value
TestParameter, Value, Xtime_Ymeas_Disable, 1, 0, 0.005, 1E-08
MetaData, TestRecord.EntryPoint, false
MetaData, TestRecord.RecordTime, 05/25/2021 14:17:03
MetaData, TestRecord.TestTarget, FlashIntC_1_25um_D7
MetaData, TestRecord.IterationIndex, 5
MetaData, TestRecord.Preservation, true
MetaData, TestRecord.Flag, 
MetaData, TestRecord.Remarks, 
MetaData, TestRecord.LinkKey, c51f6a28-9b5f-4bde-aab4-d1974cfda434
MetaData, TestRecord.Parameters, 
AnalysisSetup, Analysis.Setup.Vector.Graph.Enabled, true
AnalysisSetup, Analysis.Setup.Vector.Graph.ActiveYAxis, 0
AnalysisSetup, Analysis.Setup.Vector.Graph.LeftYAxis, 0
AnalysisSetup, Analysis.Setup.Vector.Graph.RightYAxis, 1
AnalysisSetup, Analysis.Setup.Vector.Graph.XAxis.Name, Time
AnalysisSetup, Analysis.Setup.Vector.Graph.XAxis.GroupName, 
AnalysisSetup, Analysis.Setup.Vector.Graph.XAxis.RunTimeAutoScale, false
AnalysisSetup, Analysis.Setup.Vector.Graph.XAxis.Unit, 
AnalysisSetup, Analysis.Setup.Vector.Graph.XAxis.Scale, Linear
AnalysisSetup, Analysis.Setup.Vector.Graph.XAxis.Left, 0
AnalysisSetup, Analysis.Setup.Vector.Graph.XAxis.Right, 0.005
AnalysisSetup, Analysis.Setup.Vector.Graph.YAxis.Name, MeasResult1_value, MeasResult2_value
AnalysisSetup, Analysis.Setup.Vector.Graph.YAxis.GroupName, , 
AnalysisSetup, Analysis.Setup.Vector.Graph.YAxis.RunTimeAutoScale, false, false
AnalysisSetup, Analysis.Setup.Vector.Graph.YAxis.Unit, , 
AnalysisSetup, Analysis.Setup.Vector.Graph.YAxis.Scale, Linear, Linear
AnalysisSetup, Analysis.Setup.Vector.Graph.YAxis.Bottom, -4.4260852399999996E-07, -1.9719705581665
AnalysisSetup, Analysis.Setup.Vector.Graph.YAxis.Top, 4.5729015599999997E-07, 1.98884928226471
AnalysisSetup, Analysis.Setup.Vector.Graph.Operation.Marker.Enabled, false
AnalysisSetup, Analysis.Setup.Vector.Graph.Operation.Marker.Interpolation, false
AnalysisSetup, Analysis.Setup.Vector.Graph.Operation.Marker.Index, 0
AnalysisSetup, Analysis.Setup.Vector.Graph.Operation.Marker.Step, 0
AnalysisSetup, Analysis.Setup.Vector.Graph.Operation.Cursor.Enabled, false
AnalysisSetup, Analysis.Setup.Vector.Graph.Operation.Cursor.Active, true
AnalysisSetup, Analysis.Setup.Vector.Graph.Operation.Cursor.NormalX, 0.5
AnalysisSetup, Analysis.Setup.Vector.Graph.Operation.Cursor.NormalY, 0.5
AnalysisSetup, Analysis.Setup.Vector.Graph.Operation.Line1.Enabled, false
AnalysisSetup, Analysis.Setup.Vector.Graph.Operation.Line1.Active, false
AnalysisSetup, Analysis.Setup.Vector.Graph.Operation.Line1.Fix, false
AnalysisSetup, Analysis.Setup.Vector.Graph.Operation.Line1.Type, 1
AnalysisSetup, Analysis.Setup.Vector.Graph.Operation.Line1.YAxisIndex, 0
AnalysisSetup, Analysis.Setup.Vector.Graph.Operation.Line1.LastIndex, -1
AnalysisSetup, Analysis.Setup.Vector.Graph.Operation.Line1.LastStep, -1
AnalysisSetup, Analysis.Setup.Vector.Graph.Operation.Line1.Cursor1.Enabled, false
AnalysisSetup, Analysis.Setup.Vector.Graph.Operation.Line1.Cursor1.Active, false
AnalysisSetup, Analysis.Setup.Vector.Graph.Operation.Line1.Cursor1.NormalX, 0.5
AnalysisSetup, Analysis.Setup.Vector.Graph.Operation.Line1.Cursor1.NormalY, 0.5
AnalysisSetup, Analysis.Setup.Vector.Graph.Operation.Line1.Cursor2.Enabled, false
AnalysisSetup, Analysis.Setup.Vector.Graph.Operation.Line1.Cursor2.Active, false
AnalysisSetup, Analysis.Setup.Vector.Graph.Operation.Line1.Cursor2.NormalX, 0.5
AnalysisSetup, Analysis.Setup.Vector.Graph.Operation.Line1.Cursor2.NormalY, 0.5
AnalysisSetup, Analysis.Setup.Vector.Graph.Operation.Line1.Gradient, 
AnalysisSetup, Analysis.Setup.Vector.Graph.Operation.Line2.Enabled, false
AnalysisSetup, Analysis.Setup.Vector.Graph.Operation.Line2.Active, false
AnalysisSetup, Analysis.Setup.Vector.Graph.Operation.Line2.Fix, false
AnalysisSetup, Analysis.Setup.Vector.Graph.Operation.Line2.Type, 1
AnalysisSetup, Analysis.Setup.Vector.Graph.Operation.Line2.YAxisIndex, 0
AnalysisSetup, Analysis.Setup.Vector.Graph.Operation.Line2.LastIndex, -1
AnalysisSetup, Analysis.Setup.Vector.Graph.Operation.Line2.LastStep, -1
AnalysisSetup, Analysis.Setup.Vector.Graph.Operation.Line2.Cursor1.Enabled, false
AnalysisSetup, Analysis.Setup.Vector.Graph.Operation.Line2.Cursor1.Active, false
AnalysisSetup, Analysis.Setup.Vector.Graph.Operation.Line2.Cursor1.NormalX, 0.5
AnalysisSetup, Analysis.Setup.Vector.Graph.Operation.Line2.Cursor1.NormalY, 0.5
AnalysisSetup, Analysis.Setup.Vector.Graph.Operation.Line2.Cursor2.Enabled, false
AnalysisSetup, Analysis.Setup.Vector.Graph.Operation.Line2.Cursor2.Active, false
AnalysisSetup, Analysis.Setup.Vector.Graph.Operation.Line2.Cursor2.NormalX, 0.5
AnalysisSetup, Analysis.Setup.Vector.Graph.Operation.Line2.Cursor2.NormalY, 0.5
AnalysisSetup, Analysis.Setup.Vector.Graph.Operation.Line2.Gradient, 
AnalysisSetup, Analysis.Setup.Vector.Graph.Preference.BackgroundColor, -1
AnalysisSetup, Analysis.Setup.Vector.Graph.Preference.TextColor, -16777216
AnalysisSetup, Analysis.Setup.Vector.Graph.Preference.GridColor, -3618616
AnalysisSetup, Analysis.Setup.Vector.Graph.Preference.LineColor, -65336
AnalysisSetup, Analysis.Setup.Vector.Graph.Preference.Var2LabelColor, -11513776
AnalysisSetup, Analysis.Setup.Vector.Graph.Preference.ChangeToColor, -24416
AnalysisSetup, Analysis.Setup.Vector.Graph.Preference.GridStyle, 0
AnalysisSetup, Analysis.Setup.Vector.Graph.Preference.LineStyle, 0
AnalysisSetup, Analysis.Setup.Vector.Graph.Preference.Var2LabelStyle, Adjacent
AnalysisSetup, Analysis.Setup.Vector.Graph.Preference.Plots.Y1.Visible, true
AnalysisSetup, Analysis.Setup.Vector.Graph.Preference.Plots.Y1.PlotColor, -16777036
AnalysisSetup, Analysis.Setup.Vector.Graph.Preference.Plots.Y1.Thickness, 1
AnalysisSetup, Analysis.Setup.Vector.Graph.Preference.Plots.Y1.PlotStyle, 0
AnalysisSetup, Analysis.Setup.Vector.Graph.Preference.Plots.Y2.Visible, true
AnalysisSetup, Analysis.Setup.Vector.Graph.Preference.Plots.Y2.PlotColor, -39936
AnalysisSetup, Analysis.Setup.Vector.Graph.Preference.Plots.Y2.Thickness, 1
AnalysisSetup, Analysis.Setup.Vector.Graph.Preference.Plots.Y2.PlotStyle, 0
AnalysisSetup, Analysis.Setup.Vector.Graph.Preference.Plots.Y3.Visible, true
AnalysisSetup, Analysis.Setup.Vector.Graph.Preference.Plots.Y3.PlotColor, -16731136
AnalysisSetup, Analysis.Setup.Vector.Graph.Preference.Plots.Y3.Thickness, 1
AnalysisSetup, Analysis.Setup.Vector.Graph.Preference.Plots.Y3.PlotStyle, 0
AnalysisSetup, Analysis.Setup.Vector.Graph.Preference.Plots.Y4.Visible, true
AnalysisSetup, Analysis.Setup.Vector.Graph.Preference.Plots.Y4.PlotColor, -8892376
AnalysisSetup, Analysis.Setup.Vector.Graph.Preference.Plots.Y4.Thickness, 1
AnalysisSetup, Analysis.Setup.Vector.Graph.Preference.Plots.Y4.PlotStyle, 0
AnalysisSetup, Analysis.Setup.Vector.Graph.Preference.Plots.Y5.Visible, true
AnalysisSetup, Analysis.Setup.Vector.Graph.Preference.Plots.Y5.PlotColor, -65536
AnalysisSetup, Analysis.Setup.Vector.Graph.Preference.Plots.Y5.Thickness, 1
AnalysisSetup, Analysis.Setup.Vector.Graph.Preference.Plots.Y5.PlotStyle, 0
AnalysisSetup, Analysis.Setup.Vector.Graph.Preference.Plots.Y6.Visible, true
AnalysisSetup, Analysis.Setup.Vector.Graph.Preference.Plots.Y6.PlotColor, -14336
AnalysisSetup, Analysis.Setup.Vector.Graph.Preference.Plots.Y6.Thickness, 1
AnalysisSetup, Analysis.Setup.Vector.Graph.Preference.Plots.Y6.PlotStyle, 0
AnalysisSetup, Analysis.Setup.Vector.Graph.Preference.Plots.Y7.Visible, true
AnalysisSetup, Analysis.Setup.Vector.Graph.Preference.Plots.Y7.PlotColor, -6946586
AnalysisSetup, Analysis.Setup.Vector.Graph.Preference.Plots.Y7.Thickness, 1
AnalysisSetup, Analysis.Setup.Vector.Graph.Preference.Plots.Y7.PlotStyle, 0
AnalysisSetup, Analysis.Setup.Vector.Graph.Preference.Plots.Y8.Visible, true
AnalysisSetup, Analysis.Setup.Vector.Graph.Preference.Plots.Y8.PlotColor, -16733546
AnalysisSetup, Analysis.Setup.Vector.Graph.Preference.Plots.Y8.Thickness, 1
AnalysisSetup, Analysis.Setup.Vector.Graph.Preference.Plots.Y8.PlotStyle, 0
AnalysisSetup, Analysis.Setup.Vector.Graph.Preference.Text.AxisTitle.FontName, Tahoma
AnalysisSetup, Analysis.Setup.Vector.Graph.Preference.Text.AxisTitle.RelativeSize, Medium
AnalysisSetup, Analysis.Setup.Vector.Graph.Preference.Text.AxisTitle.Size, 7
AnalysisSetup, Analysis.Setup.Vector.Graph.Preference.Text.ScaleText.FontName, Tahoma
AnalysisSetup, Analysis.Setup.Vector.Graph.Preference.Text.ScaleText.RelativeSize, Medium
AnalysisSetup, Analysis.Setup.Vector.Graph.Preference.Text.ScaleText.Size, 7
AnalysisSetup, Analysis.Setup.Vector.Graph.Preference.Text.Legend.FontName, Tahoma
AnalysisSetup, Analysis.Setup.Vector.Graph.Preference.Text.Legend.RelativeSize, Medium
AnalysisSetup, Analysis.Setup.Vector.Graph.Preference.Text.Legend.Size, 7
AnalysisSetup, Analysis.Setup.Vector.Graph.Preference.Scale.LogTickedDecadeCount, 6
AnalysisSetup, Analysis.Setup.Vector.Graph.Preference.LogoVisible, true
AnalysisSetup, Analysis.Setup.Vector.Graph.Preference.GridVisible, true
AnalysisSetup, Analysis.Setup.Vector.Graph.Preference.SetupSummaryVisible, false
AnalysisSetup, Analysis.Setup.Vector.Graph.Preference.ChangeColorEnabled, false
AnalysisSetup, Analysis.Setup.Vector.Graph.Preference.MinorTicksValueVisible, false
AnalysisSetup, Analysis.Setup.Vector.Graph.Preference.CursorFormat, 0
AnalysisSetup, Analysis.Setup.Vector.Graph.Preference.CursorDigits, 6
AnalysisSetup, Analysis.Setup.Vector.Graph.Preference.MarkerFormat, 0
AnalysisSetup, Analysis.Setup.Vector.Graph.Preference.MarkerDigits, 6
AnalysisSetup, Analysis.Setup.Vector.Graph.Preference.InterceptFormat, 0
AnalysisSetup, Analysis.Setup.Vector.Graph.Preference.InterceptDigits, 6
AnalysisSetup, Analysis.Setup.Vector.Graph.Preference.Var2LabelVisible, false
AnalysisSetup, Analysis.Setup.Vector.Graph.Preference.ParametersVisible, false
AnalysisSetup, Analysis.Setup.Vector.Graph.Preference.GridNumberFixity, false
AnalysisSetup, Analysis.Setup.Vector.Graph.Preference.AddsVerticalMargin, true
AnalysisSetup, Analysis.Setup.Vector.Graph.Notes, 
AnalysisSetup, Analysis.Setup.Vector.Graph.SetupInfo, 		0	0	0
AnalysisSetup, Analysis.Setup.Vector.List.Datum.Name, MeasResult1_time, MeasResult1_value, MeasResult2_time, MeasResult2_value
AnalysisSetup, Analysis.Setup.Vector.List.Datum.Unit, , , , 
AnalysisSetup, Analysis.Setup.Preference.GraphVisible, true
AnalysisSetup, Analysis.Setup.Preference.ListVisible, true
AnalysisSetup, Analysis.Setup.Preference.ScalarVisible, true
AnalysisSetup, Analysis.Setup.Title, Measurement Result
Dimension1, 500, 500, 500, 500, 500
Dimension2, 1, 1, 1, 1, 1
DataName, Time, MeasResult1_value, MeasResult2_value, MeasResult1_time, MeasResult2_time
DataValue, 5E-06, -1.2891600000000001E-07, 0.028685126453638004, 5E-06, 5E-06
DataValue, 1.5E-05, -1.70263206E-07, 0.068814598023891, 1.5E-05, 1.5E-05
DataValue, 2.5E-05, -2.2340066200000002E-07, 0.108745746314526, 2.5E-05, 2.5E-05
DataValue, 3.5000000000000004E-05, -2.2632544000000002E-07, 0.14847224950790403, 3.5000000000000004E-05, 3.5000000000000004E-05
DataValue, 4.5E-05, -1.6952061800000002E-07, 0.18835195899009702, 4.5E-05, 4.5E-05
DataValue, 5.5E-05, -2.56478415E-07, 0.22909577190876002, 5.5E-05, 5.5E-05
DataValue, 6.5000000000000008E-05, -2.30895964E-07, 0.269112169742584, 6.5000000000000008E-05, 6.5000000000000008E-05
DataValue, 7.5000000000000007E-05, -2.36211179E-07, 0.308679431676865, 7.5000000000000007E-05, 7.5000000000000007E-05
DataValue, 8.5E-05, -2.7191009600000003E-07, 0.348282992839813, 8.5E-05, 8.5E-05
DataValue, 9.5E-05, -2.64936489E-07, 0.388424783945084, 9.5E-05, 9.5E-05
DataValue, 0.000105, -2.6505009E-07, 0.42883995175361606, 0.000105, 0.000105
DataValue, 0.000115, -2.91109387E-07, 0.46880844235420205, 0.000115, 0.000115
DataValue, 0.000125, -2.79712509E-07, 0.50815486907959007, 0.000125, 0.000125
DataValue, 0.000135, -3.55428426E-07, 0.54783904552459706, 0.000135, 0.000135
DataValue, 0.000145, -2.77967899E-07, 0.58827430009841908, 0.000145, 0.000145
DataValue, 0.000155, -3.0957380700000003E-07, 0.62872147560119607, 0.000155, 0.000155
DataValue, 0.000165, -3.8565085000000003E-07, 0.6682271361351011, 0.000165, 0.000165
DataValue, 0.000175, -3.01094701E-07, 0.70794516801834106, 0.000175, 0.000175
DataValue, 0.00018500000000000002, -3.4534986100000003E-07, 0.748165190219879, 0.00018500000000000002, 0.00018500000000000002
DataValue, 0.00019500000000000002, -3.6423009000000004E-07, 0.78834533691406206, 0.00019500000000000002, 0.00019500000000000002
DataValue, 0.00020500000000000002, -3.5865753000000005E-07, 0.828600943088531, 0.00020500000000000002, 0.00020500000000000002
DataValue, 0.00021500000000000002, -3.6836797800000003E-07, 0.86857825517654408, 0.00021500000000000002, 0.00021500000000000002
DataValue, 0.00022500000000000002, -3.9261533400000005E-07, 0.90824800729751609, 0.00022500000000000002, 0.00022500000000000002
DataValue, 0.00023500000000000002, -3.8338032500000005E-07, 0.948208391666412, 0.00023500000000000002, 0.00023500000000000002
DataValue, 0.000245, -3.3966790600000005E-07, 0.98862075805664107, 0.000245, 0.000245
DataValue, 0.000255, -4.3025519900000004E-07, 1.028847813606262, 0.000255, 0.000255
DataValue, 0.000265, -4.34244441E-07, 1.0687539577484131, 0.000265, 0.000265
DataValue, 0.000275, -3.6206964200000004E-07, 1.108772397041321, 0.000275, 0.000275
DataValue, 0.00028500000000000004, -3.61496063E-07, 1.1486839056015021, 0.00028500000000000004, 0.00028500000000000004
DataValue, 0.000295, -4.42608524E-07, 1.1886798143386841, 0.000295, 0.000295
DataValue, 0.00030500000000000004, -3.7756021200000003E-07, 1.2285358905792241, 0.00030500000000000004, 0.00030500000000000004
DataValue, 0.000315, -3.6325610600000005E-07, 1.2689031362533572, 0.000315, 0.000315
DataValue, 0.00032500000000000004, -4.03095697E-07, 1.308850884437561, 0.00032500000000000004, 0.00032500000000000004
DataValue, 0.000335, -4.0138965600000005E-07, 1.3489676713943481, 0.000335, 0.000335
DataValue, 0.00034500000000000004, -3.57042637E-07, 1.3887815475463872, 0.00034500000000000004, 0.00034500000000000004
DataValue, 0.000355, -3.7902435700000004E-07, 1.428774356842041, 0.000355, 0.000355
DataValue, 0.00036500000000000004, -3.71094302E-07, 1.4691760540008552, 0.00036500000000000004, 0.00036500000000000004
DataValue, 0.000375, -3.05452772E-07, 1.5090488195419312, 0.000375, 0.000375
DataValue, 0.00038500000000000003, -4.08866725E-07, 1.5487720966339111, 0.00038500000000000003, 0.00038500000000000003
DataValue, 0.000395, -3.98457161E-07, 1.5886845588684082, 0.000395, 0.000395
DataValue, 0.00040500000000000003, -2.9420667100000003E-07, 1.6287341117858891, 0.00040500000000000003, 0.00040500000000000003
DataValue, 0.000415, -3.34033643E-07, 1.6693862676620481, 0.000415, 0.000415
DataValue, 0.00042500000000000003, -3.60216347E-07, 1.7093456983566282, 0.00042500000000000003, 0.00042500000000000003
DataValue, 0.000435, -3.65138163E-07, 1.7484694719314582, 0.000435, 0.000435
DataValue, 0.00044500000000000003, -3.1026240800000003E-07, 1.7882920503616331, 0.00044500000000000003, 0.00044500000000000003
DataValue, 0.00045500000000000006, -3.7502042E-07, 1.8285899162292481, 0.00045500000000000006, 0.00045500000000000006
DataValue, 0.000465, -3.0098672700000004E-07, 1.8689022064208982, 0.000465, 0.000465
DataValue, 0.00047500000000000005, -3.05130897E-07, 1.9088766574859621, 0.00047500000000000005, 0.00047500000000000005
DataValue, 0.000485, -3.20428626E-07, 1.9488117694854741, 0.000485, 0.000485
DataValue, 0.000495, -3.36013869E-07, 1.9886389970779421, 0.000495, 0.000495
DataValue, 0.000505, 2.20783988E-07, 1.9886217117309573, 0.000505, 0.000505
DataValue, 0.000515, 2.1018931300000003E-07, 1.9490646123886111, 0.000515, 0.000515
DataValue, 0.00052500000000000008, 2.3358398900000002E-07, 1.9092454910278323, 0.00052500000000000008, 0.00052500000000000008
DataValue, 0.000535, 2.1926165100000003E-07, 1.8692555427551272, 0.000535, 0.000535
DataValue, 0.000545, 2.86771922E-07, 1.8287333250045781, 0.000545, 0.000545
DataValue, 0.000555, 2.97964732E-07, 1.7888212203979492, 0.000555, 0.000555
DataValue, 0.00056500000000000007, 2.00582662E-07, 1.7490084171295171, 0.00056500000000000007, 0.00056500000000000007
DataValue, 0.000575, 2.51023948E-07, 1.7095471620559692, 0.000575, 0.000575
DataValue, 0.000585, 2.2829893E-07, 1.6694637537002561, 0.000585, 0.000585
DataValue, 0.000595, 2.70303161E-07, 1.6288883686065672, 0.000595, 0.000595
DataValue, 0.00060500000000000007, 2.2278246100000002E-07, 1.5892016887664802, 0.00060500000000000007, 0.00060500000000000007
DataValue, 0.000615, 2.62300887E-07, 1.5491120815277102, 0.000615, 0.000615
DataValue, 0.000625, 2.5817564600000003E-07, 1.5094919204711912, 0.000625, 0.000625
DataValue, 0.000635, 2.38989657E-07, 1.4695421457290652, 0.000635, 0.000635
DataValue, 0.00064500000000000007, 3.2170513E-07, 1.4293136596679692, 0.00064500000000000007, 0.00064500000000000007
DataValue, 0.00065500000000000009, 2.28454596E-07, 1.3892390727996831, 0.00065500000000000009, 0.00065500000000000009
DataValue, 0.000665, 2.46962486E-07, 1.3493943214416502, 0.000665, 0.000665
DataValue, 0.000675, 3.23107542E-07, 1.3092542886734011, 0.000675, 0.000675
DataValue, 0.00068500000000000006, 2.68695288E-07, 1.269395232200623, 0.00068500000000000006, 0.00068500000000000006
DataValue, 0.00069500000000000009, 2.72690812E-07, 1.2291738986968992, 0.00069500000000000009, 0.00069500000000000009
DataValue, 0.000705, 2.7229111800000004E-07, 1.1889218091964722, 0.000705, 0.000705
DataValue, 0.000715, 2.92442678E-07, 1.1488271951675422, 0.000715, 0.000715
DataValue, 0.00072500000000000006, 3.12604726E-07, 1.1090760231018071, 0.00072500000000000006, 0.00072500000000000006
DataValue, 0.00073500000000000008, 2.40194368E-07, 1.069043874740601, 0.00073500000000000008, 0.00073500000000000008
DataValue, 0.000745, 2.7647107E-07, 1.0290703773498542, 0.000745, 0.000745
DataValue, 0.000755, 2.72534436E-07, 0.98887050151824907, 0.000755, 0.000755
DataValue, 0.00076500000000000005, 3.04220293E-07, 0.94861668348312411, 0.00076500000000000005, 0.00076500000000000005
DataValue, 0.00077500000000000008, 3.27154964E-07, 0.908854246139526, 0.00077500000000000008, 0.00077500000000000008
DataValue, 0.000785, 2.46010245E-07, 0.86904990673065208, 0.000785, 0.000785
DataValue, 0.000795, 2.5106319900000004E-07, 0.829059600830078, 0.000795, 0.000795
DataValue, 0.000805, 2.7145105700000003E-07, 0.78850001096725508, 0.000805, 0.000805
DataValue, 0.00081500000000000008, 3.1151924400000004E-07, 0.74873548746109009, 0.00081500000000000008, 0.00081500000000000008
DataValue, 0.0008250000000000001, 2.8856774700000003E-07, 0.708731412887573, 0.0008250000000000001, 0.0008250000000000001
DataValue, 0.000835, 2.4139413300000003E-07, 0.668921768665314, 0.000835, 0.000835
DataValue, 0.000845, 2.9500282000000005E-07, 0.6290522813797, 0.000845, 0.000845
DataValue, 0.00085500000000000007, 2.7838189E-07, 0.588459551334381, 0.00085500000000000007, 0.00085500000000000007
DataValue, 0.0008650000000000001, 2.4161502700000003E-07, 0.54827129840850808, 0.0008650000000000001, 0.0008650000000000001
DataValue, 0.000875, 2.7946805400000004E-07, 0.508618772029877, 0.000875, 0.000875
DataValue, 0.000885, 2.9354288200000005E-07, 0.46923255920410206, 0.000885, 0.000885
DataValue, 0.00089500000000000007, 2.7119512E-07, 0.42919254302978505, 0.00089500000000000007, 0.00089500000000000007
DataValue, 0.0009050000000000001, 3.5931626E-07, 0.38886475563049305, 0.0009050000000000001, 0.0009050000000000001
DataValue, 0.000915, 2.94931283E-07, 0.34887865185737604, 0.000915, 0.000915
DataValue, 0.000925, 2.7638901700000004E-07, 0.30889502167701705, 0.000925, 0.000925
DataValue, 0.00093500000000000007, 2.43598748E-07, 0.269234389066696, 0.00093500000000000007, 0.00093500000000000007
DataValue, 0.00094500000000000009, 3.61896014E-07, 0.22958329319953902, 0.00094500000000000009, 0.00094500000000000009
DataValue, 0.000955, 2.9613247E-07, 0.18864750862121602, 0.000955, 0.000955
DataValue, 0.000965, 3.1757986100000004E-07, 0.148612082004547, 0.000965, 0.000965
DataValue, 0.00097500000000000006, 3.62333566E-07, 0.109170570969582, 0.00097500000000000006, 0.00097500000000000006
DataValue, 0.000985, 2.74961337E-07, 0.069356717169285, 0.000985, 0.000985
DataValue, 0.000995, 2.9229681800000004E-07, 0.029144113883376004, 0.000995, 0.000995
DataValue, 0.001005, 2.98390376E-07, -0.011232991702855001, 0.001005, 0.001005
DataValue, 0.001015, 3.25342313E-07, -0.05135964602232, 0.001015, 0.001015
DataValue, 0.001025, 3.1621951300000004E-07, -0.091309115290642, 0.001025, 0.001025
DataValue, 0.0010350000000000001, 2.8208850700000004E-07, -0.13108633458614302, 0.0010350000000000001, 0.0010350000000000001
DataValue, 0.0010450000000000001, 3.59526609E-07, -0.170796975493431, 0.0010450000000000001, 0.0010450000000000001
DataValue, 0.0010550000000000002, 2.7133256700000003E-07, -0.21080175042152402, 0.0010550000000000002, 0.0010550000000000002
DataValue, 0.001065, 2.68579583E-07, -0.250977367162705, 0.001065, 0.001065
DataValue, 0.001075, 3.7871959100000004E-07, -0.29106739163398704, 0.001075, 0.001075
DataValue, 0.001085, 3.4372189400000005E-07, -0.331047505140305, 0.001085, 0.001085
DataValue, 0.001095, 3.298168E-07, -0.37093567848205605, 0.001095, 0.001095
DataValue, 0.001105, 3.44355101E-07, -0.41098728775978105, 0.001105, 0.001105
DataValue, 0.001115, 3.58212532E-07, -0.45104315876960704, 0.001115, 0.001115
DataValue, 0.0011250000000000001, 3.20294959E-07, -0.49113458395004306, 0.0011250000000000001, 0.0011250000000000001
DataValue, 0.0011350000000000002, 3.1220713500000005E-07, -0.53101497888565108, 0.0011350000000000002, 0.0011350000000000002
DataValue, 0.001145, 3.51625999E-07, -0.570786237716675, 0.001145, 0.001145
DataValue, 0.001155, 3.48611479E-07, -0.611027717590332, 0.001155, 0.001155
DataValue, 0.001165, 3.93710195E-07, -0.65121567249298107, 0.001165, 0.001165
DataValue, 0.001175, 3.8381603E-07, -0.691116869449615, 0.001175, 0.001175
DataValue, 0.001185, 2.79872665E-07, -0.73114383220672607, 0.001185, 0.001185
DataValue, 0.001195, 3.0111880300000004E-07, -0.771025657653809, 0.001195, 0.001195
DataValue, 0.0012050000000000001, 3.4722867800000004E-07, -0.811228394508362, 0.0012050000000000001, 0.0012050000000000001
DataValue, 0.0012150000000000002, 3.83703849E-07, -0.851500928401947, 0.0012150000000000002, 0.0012150000000000002
DataValue, 0.0012250000000000002, 3.0966242500000004E-07, -0.89141833782196012, 0.0012250000000000002, 0.0012250000000000002
DataValue, 0.001235, 3.2757640200000005E-07, -0.931364953517914, 0.001235, 0.001235
DataValue, 0.001245, 3.7316036100000003E-07, -0.970799446105957, 0.001245, 0.001245
DataValue, 0.001255, 3.0311235800000005E-07, -1.011091351509094, 0.001255, 0.001255
DataValue, 0.001265, 3.3614034600000003E-07, -1.051505446434021, 0.001265, 0.001265
DataValue, 0.001275, 3.67073795E-07, -1.091677784919739, 0.001275, 0.001275
DataValue, 0.0012850000000000001, 3.6083577E-07, -1.131604790687561, 0.0012850000000000001, 0.0012850000000000001
DataValue, 0.0012950000000000001, 3.86409823E-07, -1.1712375879287722, 0.0012950000000000001, 0.0012950000000000001
DataValue, 0.0013050000000000002, 3.91046967E-07, -1.2111774682998662, 0.0013050000000000002, 0.0013050000000000002
DataValue, 0.001315, 3.24244922E-07, -1.2514958381652832, 0.001315, 0.001315
DataValue, 0.001325, 3.67786242E-07, -1.2918260097503662, 0.001325, 0.001325
DataValue, 0.001335, 3.1768715300000003E-07, -1.3317364454269411, 0.001335, 0.001335
DataValue, 0.001345, 4.0737128900000004E-07, -1.3711553812026982, 0.001345, 0.001345
DataValue, 0.001355, 4.06152566E-07, -1.4113440513610842, 0.001355, 0.001355
DataValue, 0.0013650000000000001, 3.5115829200000003E-07, -1.4522269964218142, 0.0013650000000000001, 0.0013650000000000001
DataValue, 0.0013750000000000001, 3.89880853E-07, -1.4921683073043821, 0.0013750000000000001, 0.0013750000000000001
DataValue, 0.0013850000000000002, 3.6901056400000003E-07, -1.5317969322204592, 0.0013850000000000002, 0.0013850000000000002
DataValue, 0.0013950000000000002, 3.25814256E-07, -1.5714920759201052, 0.0013950000000000002, 0.0013950000000000002
DataValue, 0.001405, 3.70363921E-07, -1.6116423606872561, 0.001405, 0.001405
DataValue, 0.001415, 3.9199221600000005E-07, -1.6520944833755491, 0.001415, 0.001415
DataValue, 0.001425, 3.33158795E-07, -1.6919040679931641, 0.001425, 0.001425
DataValue, 0.001435, 3.49006257E-07, -1.7316379547119141, 0.001435, 0.001435
DataValue, 0.001445, 3.72593775E-07, -1.7714219093322752, 0.001445, 0.001445
DataValue, 0.0014550000000000001, 3.21489154E-07, -1.8114759922027592, 0.0014550000000000001, 0.0014550000000000001
DataValue, 0.0014650000000000002, 3.2505622E-07, -1.8521140813827521, 0.0014650000000000002, 0.0014650000000000002
DataValue, 0.0014750000000000002, 3.4997816600000003E-07, -1.8919681310653691, 0.0014750000000000002, 0.0014750000000000002
DataValue, 0.001485, 3.66639057E-07, -1.9320200681686401, 0.001485, 0.001485
DataValue, 0.001495, 3.5624071900000003E-07, -1.9717557430267332, 0.001495, 0.001495
DataValue, 0.001505, -7.8497855000000009E-08, -1.9719705581665041, 0.001505, 0.001505
DataValue, 0.001515, -1.7313819000000003E-07, -1.9321877956390381, 0.001515, 0.001515
DataValue, 0.001525, -2.1433604E-07, -1.8922671079635622, 0.001525, 0.001525
DataValue, 0.0015350000000000001, -1.98971691E-07, -1.8525913953781132, 0.0015350000000000001, 0.0015350000000000001
DataValue, 0.0015450000000000002, -2.43496828E-07, -1.8118197917938232, 0.0015450000000000002, 0.0015450000000000002
DataValue, 0.0015550000000000002, -2.1767944200000002E-07, -1.7718945741653442, 0.0015550000000000002, 0.0015550000000000002
DataValue, 0.0015650000000000002, -1.99646962E-07, -1.7322350740432742, 0.0015650000000000002, 0.0015650000000000002
DataValue, 0.001575, -2.41137229E-07, -1.6923704147338872, 0.001575, 0.001575
DataValue, 0.001585, -2.7424093200000004E-07, -1.6525667905807502, 0.001585, 0.001585
DataValue, 0.001595, -2.80113625E-07, -1.6120854616165161, 0.001595, 0.001595
DataValue, 0.001605, -2.75808844E-07, -1.5720324516296391, 0.001605, 0.001605
DataValue, 0.0016150000000000001, -1.9475247400000002E-07, -1.5322492122650151, 0.0016150000000000001, 0.0016150000000000001
DataValue, 0.0016250000000000001, -2.3435997300000002E-07, -1.4924420118331911, 0.0016250000000000001, 0.0016250000000000001
DataValue, 0.0016350000000000002, -2.7475422800000003E-07, -1.4527596235275271, 0.0016350000000000002, 0.0016350000000000002
DataValue, 0.0016450000000000002, -2.7051606800000005E-07, -1.4121401309967041, 0.0016450000000000002, 0.0016450000000000002
DataValue, 0.001655, -2.58395545E-07, -1.3720237016677861, 0.001655, 0.001655
DataValue, 0.001665, -2.46020477E-07, -1.3319928646087651, 0.001665, 0.001665
DataValue, 0.001675, -2.87451144E-07, -1.29210638999939, 0.001675, 0.001675
DataValue, 0.001685, -2.2122829100000002E-07, -1.2522274255752561, 0.001685, 0.001685
DataValue, 0.0016950000000000001, -2.25598271E-07, -1.2122783660888672, 0.0016950000000000001, 0.0016950000000000001
DataValue, 0.0017050000000000001, -2.20107054E-07, -1.1720738410949712, 0.0017050000000000001, 0.0017050000000000001
DataValue, 0.0017150000000000002, -2.83301347E-07, -1.1320295333862311, 0.0017150000000000002, 0.0017150000000000002
DataValue, 0.0017250000000000002, -2.6018295800000003E-07, -1.0924158096313481, 0.0017250000000000002, 0.0017250000000000002
DataValue, 0.0017350000000000002, -3.0980592700000004E-07, -1.0522986650466921, 0.0017350000000000002, 0.0017350000000000002
DataValue, 0.001745, -2.70816884E-07, -1.0117031335830691, 0.001745, 0.001745
DataValue, 0.001755, -2.40250898E-07, -0.97156381607055708, 0.001755, 0.001755
DataValue, 0.001765, -2.57042217E-07, -0.93201595544815108, 0.001765, 0.001765
DataValue, 0.001775, -2.2113924600000003E-07, -0.89230144023895308, 0.001775, 0.001775
DataValue, 0.0017850000000000001, -3.0260162E-07, -0.85190635919570912, 0.0017850000000000001, 0.0017850000000000001
DataValue, 0.0017950000000000002, -3.1442832000000004E-07, -0.811789214611053, 0.0017950000000000002, 0.0017950000000000002
DataValue, 0.0018050000000000002, -3.0811386900000003E-07, -0.771794617176056, 0.0018050000000000002, 0.0018050000000000002
DataValue, 0.0018150000000000002, -2.52213624E-07, -0.73177647590637207, 0.0018150000000000002, 0.0018150000000000002
DataValue, 0.001825, -2.64955418E-07, -0.691876709461212, 0.001825, 0.001825
DataValue, 0.001835, -2.55429399E-07, -0.65191733837127708, 0.001835, 0.001835
DataValue, 0.001845, -2.95707963E-07, -0.611680448055267, 0.001845, 0.001845
DataValue, 0.001855, -3.25589582E-07, -0.571267068386078, 0.001855, 0.001855
DataValue, 0.0018650000000000001, -3.0821274800000005E-07, -0.531366169452667, 0.0018650000000000001, 0.0018650000000000001
DataValue, 0.0018750000000000002, -2.77103311E-07, -0.49167597293853804, 0.0018750000000000002, 0.0018750000000000002
DataValue, 0.0018850000000000002, -3.0078055600000003E-07, -0.45162859559059104, 0.0018850000000000002, 0.0018850000000000002
DataValue, 0.0018950000000000002, -3.0906261400000005E-07, -0.41140049695968606, 0.0018950000000000002, 0.0018950000000000002
DataValue, 0.0019050000000000002, -2.6166881600000003E-07, -0.371267855167389, 0.0019050000000000002, 0.0019050000000000002
DataValue, 0.001915, -3.4522855700000003E-07, -0.33132153749465904, 0.001915, 0.001915
DataValue, 0.001925, -3.1757889500000003E-07, -0.29156404733657804, 0.001925, 0.001925
DataValue, 0.001935, -3.6738978800000003E-07, -0.251515954732895, 0.001935, 0.001935
DataValue, 0.0019450000000000001, -3.29233814E-07, -0.21157176792621601, 0.0019450000000000001, 0.0019450000000000001
DataValue, 0.001955, -2.94006099E-07, -0.171762496232986, 0.001955, 0.001955
DataValue, 0.001965, -2.59210367E-07, -0.131525233387947, 0.001965, 0.001965
DataValue, 0.001975, -3.00190123E-07, -0.091565907001495, 0.001975, 0.001975
DataValue, 0.0019850000000000002, -3.7907204800000004E-07, -0.051882036030293004, 0.0019850000000000002, 0.0019850000000000002
DataValue, 0.0019950000000000002, -3.7479674100000003E-07, -0.011887127533555001, 0.0019950000000000002, 0.0019950000000000002
DataValue, 0.0020050000000000003, -3.3759860700000003E-07, 0.028569586575031003, 0.0020050000000000003, 0.0020050000000000003
DataValue, 0.0020150000000000003, -2.6601077300000004E-07, 0.068618394434452, 0.0020150000000000003, 0.0020150000000000003
DataValue, 0.0020250000000000003, -3.3830824000000004E-07, 0.10831071436405201, 0.0020250000000000003, 0.0020250000000000003
DataValue, 0.002035, -3.28599896E-07, 0.147954434156418, 0.002035, 0.002035
DataValue, 0.002045, -2.97483439E-07, 0.18802718818187703, 0.002045, 0.002045
DataValue, 0.002055, -2.8162193600000004E-07, 0.22918875515461, 0.002055, 0.002055
DataValue, 0.002065, -3.5054586100000005E-07, 0.268898338079452, 0.002065, 0.002065
DataValue, 0.002075, -3.1527611100000003E-07, 0.30842652916908303, 0.002075, 0.002075
DataValue, 0.002085, -2.9965721600000004E-07, 0.348323136568069, 0.002085, 0.002085
DataValue, 0.002095, -2.31393116E-07, 0.38822963833808904, 0.002095, 0.002095
DataValue, 0.002105, -3.08505861E-07, 0.42857927083969105, 0.002105, 0.002105
DataValue, 0.002115, -3.8875023700000005E-07, 0.46849104762077304, 0.002115, 0.002115
DataValue, 0.002125, -3.49908476E-07, 0.508084058761597, 0.002125, 0.002125
DataValue, 0.002135, -3.46568584E-07, 0.548059940338135, 0.002135, 0.002135
DataValue, 0.002145, -3.23357625E-07, 0.588025271892548, 0.002145, 0.002145
DataValue, 0.0021550000000000002, -4.0052364600000003E-07, 0.62861967086792, 0.0021550000000000002, 0.0021550000000000002
DataValue, 0.0021650000000000003, -3.7064342E-07, 0.66836941242218006, 0.0021650000000000003, 0.0021650000000000003
DataValue, 0.0021750000000000003, -3.69764109E-07, 0.70812976360321, 0.0021750000000000003, 0.0021750000000000003
DataValue, 0.0021850000000000003, -3.6844861000000003E-07, 0.7481637597084041, 0.0021850000000000003, 0.0021850000000000003
DataValue, 0.0021950000000000003, -4.2472612400000004E-07, 0.788087844848633, 0.0021950000000000003, 0.0021950000000000003
DataValue, 0.002205, -4.3554939600000004E-07, 0.828507244586945, 0.002205, 0.002205
DataValue, 0.002215, -3.3726343000000004E-07, 0.8685581684112551, 0.002215, 0.002215
DataValue, 0.002225, -4.20999868E-07, 0.908210694789886, 0.002225, 0.002225
DataValue, 0.002235, -3.78090334E-07, 0.947982966899872, 0.002235, 0.002235
DataValue, 0.002245, -3.5913927800000005E-07, 0.9880180358886721, 0.002245, 0.002245
DataValue, 0.002255, -4.4106445800000003E-07, 1.028546929359436, 0.002255, 0.002255
DataValue, 0.002265, -3.9163433E-07, 1.0688004493713381, 0.002265, 0.002265
DataValue, 0.002275, -3.6788975400000005E-07, 1.1088534593582151, 0.002275, 0.002275
DataValue, 0.002285, -3.3597459000000004E-07, 1.1485855579376221, 0.002285, 0.002285
DataValue, 0.002295, -3.6618578700000004E-07, 1.188498377799988, 0.002295, 0.002295
DataValue, 0.002305, -4.0387965300000005E-07, 1.2289688587188721, 0.002305, 0.002305
DataValue, 0.0023150000000000002, -3.9843894200000004E-07, 1.269261837005615, 0.0023150000000000002, 0.0023150000000000002
DataValue, 0.0023250000000000002, -3.48024287E-07, 1.309017539024353, 0.0023250000000000002, 0.0023250000000000002
DataValue, 0.0023350000000000003, -3.6731546500000005E-07, 1.349107146263123, 0.0023350000000000003, 0.0023350000000000003
DataValue, 0.0023450000000000003, -3.90408616E-07, 1.3887723684310911, 0.0023450000000000003, 0.0023450000000000003
DataValue, 0.0023550000000000003, -3.6354572300000005E-07, 1.428946256637573, 0.0023550000000000003, 0.0023550000000000003
DataValue, 0.0023650000000000003, -2.98310169E-07, 1.4694448709487922, 0.0023650000000000003, 0.0023650000000000003
DataValue, 0.002375, -3.6742974900000004E-07, 1.5095634460449221, 0.002375, 0.002375
DataValue, 0.002385, -3.6582747500000004E-07, 1.5491553544998171, 0.002385, 0.002385
DataValue, 0.002395, -3.6438436300000004E-07, 1.588958263397217, 0.002395, 0.002395
DataValue, 0.002405, -3.4542347300000003E-07, 1.629052519798279, 0.002405, 0.002405
DataValue, 0.002415, -3.07063459E-07, 1.6694610118865971, 0.002415, 0.002415
DataValue, 0.002425, -3.39073978E-07, 1.7091491222381592, 0.002425, 0.002425
DataValue, 0.002435, -2.75906331E-07, 1.7487927675247192, 0.002435, 0.002435
DataValue, 0.002445, -2.8705846900000004E-07, 1.7886048555374152, 0.002445, 0.002445
DataValue, 0.002455, -3.4141814400000004E-07, 1.8288702964782722, 0.002455, 0.002455
DataValue, 0.002465, -3.2917842E-07, 1.8692971467971802, 0.002465, 0.002465
DataValue, 0.002475, -3.09541548E-07, 1.9092454910278323, 0.002475, 0.002475
DataValue, 0.0024850000000000002, -3.1087387200000005E-07, 1.9488683938980103, 0.0024850000000000002, 0.0024850000000000002
DataValue, 0.0024950000000000003, -2.50151345E-07, 1.9885509014129641, 0.0024950000000000003, 0.0024950000000000003
DataValue, 0.0025050000000000003, 1.82437986E-07, 1.9888492822647101, 0.0025050000000000003, 0.0025050000000000003
DataValue, 0.0025150000000000003, 1.71401553E-07, 1.9495941400527952, 0.0025150000000000003, 0.0025150000000000003
DataValue, 0.0025250000000000003, 2.1776175200000002E-07, 1.9097341299057011, 0.0025250000000000003, 0.0025250000000000003
DataValue, 0.0025350000000000004, 2.49033889E-07, 1.8694732189178471, 0.0025350000000000004, 0.0025350000000000004
DataValue, 0.002545, 2.39833241E-07, 1.8290870189666753, 0.002545, 0.002545
DataValue, 0.002555, 2.3072934100000002E-07, 1.7891322374343872, 0.002555, 0.002555
DataValue, 0.002565, 3.0593545800000004E-07, 1.7492556571960451, 0.002565, 0.002565
DataValue, 0.002575, 2.2898051100000003E-07, 1.7098479270935061, 0.002575, 0.002575
DataValue, 0.002585, 2.7729078100000004E-07, 1.6696624755859382, 0.002585, 0.002585
DataValue, 0.002595, 2.46375578E-07, 1.6290944814682011, 0.002595, 0.002595
DataValue, 0.002605, 2.4192564800000004E-07, 1.5894926786422732, 0.002605, 0.002605
DataValue, 0.002615, 2.8291034900000003E-07, 1.5496245622634892, 0.002615, 0.002615
DataValue, 0.002625, 2.5123640100000004E-07, 1.5097025632858281, 0.002625, 0.002625
DataValue, 0.002635, 3.19167412E-07, 1.4697632789611821, 0.002635, 0.002635
DataValue, 0.002645, 2.26942063E-07, 1.4294192790985112, 0.002645, 0.002645
DataValue, 0.0026550000000000002, 2.4971547E-07, 1.3894761800765991, 0.0026550000000000002, 0.0026550000000000002
DataValue, 0.0026650000000000003, 2.4950441E-07, 1.3496183156967161, 0.0026650000000000003, 0.0026650000000000003
DataValue, 0.0026750000000000003, 2.44851833E-07, 1.309611439704895, 0.0026750000000000003, 0.0026750000000000003
DataValue, 0.0026850000000000003, 2.68512963E-07, 1.269608736038208, 0.0026850000000000003, 0.0026850000000000003
DataValue, 0.0026950000000000003, 2.95189324E-07, 1.22960638999939, 0.0026950000000000003, 0.0026950000000000003
DataValue, 0.0027050000000000004, 2.7576493300000003E-07, 1.1891634464263921, 0.0027050000000000004, 0.0027050000000000004
DataValue, 0.002715, 2.59650989E-07, 1.149224519729614, 0.002715, 0.002715
DataValue, 0.002725, 2.60906887E-07, 1.1091412305831911, 0.002725, 0.002725
DataValue, 0.002735, 2.5993219300000004E-07, 1.0693347454071052, 0.002735, 0.002735
DataValue, 0.002745, 2.6306170800000003E-07, 1.0294491052627561, 0.002745, 0.002745
DataValue, 0.002755, 3.1227375500000005E-07, 0.98917132616043113, 0.002755, 0.002755
DataValue, 0.002765, 3.03125688E-07, 0.948926985263824, 0.002765, 0.002765
DataValue, 0.002775, 2.97846242E-07, 0.90876197814941406, 0.002775, 0.002775
DataValue, 0.002785, 2.74324634E-07, 0.869217216968536, 0.002785, 0.002785
DataValue, 0.002795, 2.4506150000000004E-07, 0.82919412851333607, 0.002795, 0.002795
DataValue, 0.002805, 3.12989698E-07, 0.78885227441787709, 0.002805, 0.002805
DataValue, 0.0028150000000000002, 3.14119376E-07, 0.74877208471298207, 0.0028150000000000002, 0.0028150000000000002
DataValue, 0.0028250000000000003, 2.81040201E-07, 0.70867431163787808, 0.0028250000000000003, 0.0028250000000000003
DataValue, 0.0028350000000000003, 2.7780618000000004E-07, 0.668836891651154, 0.0028350000000000003, 0.0028350000000000003
DataValue, 0.0028450000000000003, 2.82234367E-07, 0.629194915294647, 0.0028450000000000003, 0.0028450000000000003
DataValue, 0.0028550000000000003, 3.2170791500000005E-07, 0.588474750518799, 0.0028550000000000003, 0.0028550000000000003
DataValue, 0.0028650000000000004, 2.6324613600000004E-07, 0.54864889383316007, 0.0028650000000000004, 0.0028650000000000004
DataValue, 0.0028750000000000004, 2.7352385200000003E-07, 0.5089470744133, 0.0028750000000000004, 0.0028750000000000004
DataValue, 0.002885, 2.84871646E-07, 0.46912652254104603, 0.002885, 0.002885
DataValue, 0.002895, 3.09823008E-07, 0.42930105328559903, 0.002895, 0.002895
DataValue, 0.002905, 3.2124512500000005E-07, 0.38878586888313305, 0.002905, 0.002905
DataValue, 0.002915, 2.96001332E-07, 0.348747611045837, 0.002915, 0.002915
DataValue, 0.002925, 2.70243561E-07, 0.30918350815773005, 0.002925, 0.002925
DataValue, 0.002935, 2.81762453E-07, 0.26961201429367104, 0.002935, 0.002935
DataValue, 0.002945, 3.0471534300000004E-07, 0.22971221804618802, 0.002945, 0.002945
DataValue, 0.002955, 2.7765472100000003E-07, 0.188822582364082, 0.002955, 0.002955
DataValue, 0.002965, 3.17393329E-07, 0.148780107498169, 0.002965, 0.002965
DataValue, 0.002975, 2.95275584E-07, 0.10907616466283801, 0.002975, 0.002975
DataValue, 0.0029850000000000002, 3.1734214200000005E-07, 0.069254912436008009, 0.0029850000000000002, 0.0029850000000000002
DataValue, 0.0029950000000000003, 2.7818134600000003E-07, 0.029292764142156, 0.0029950000000000003, 0.0029950000000000003
DataValue, 0.0030050000000000003, 2.8594871500000004E-07, -0.011056864634156002, 0.0030050000000000003, 0.0030050000000000003
DataValue, 0.0030150000000000003, 2.95376566E-07, -0.051166962832212004, 0.0030150000000000003, 0.0030150000000000003
DataValue, 0.0030250000000000003, 3.2104105700000004E-07, -0.091019205749035, 0.0030250000000000003, 0.0030250000000000003
DataValue, 0.0030350000000000004, 3.2467338000000004E-07, -0.13081756234169, 0.0030350000000000004, 0.0030350000000000004
DataValue, 0.0030450000000000004, 3.1517470200000005E-07, -0.17071911692619302, 0.0030450000000000004, 0.0030450000000000004
DataValue, 0.003055, 3.3120167600000005E-07, -0.211014151573181, 0.003055, 0.003055
DataValue, 0.003065, 3.3170096000000003E-07, -0.25147333741188, 0.003065, 0.003065
DataValue, 0.003075, 3.44019924E-07, -0.29148092865943903, 0.003075, 0.003075
DataValue, 0.003085, 3.0782734900000004E-07, -0.331027776002884, 0.003085, 0.003085
DataValue, 0.003095, 3.8283855000000004E-07, -0.370825409889221, 0.003095, 0.003095
DataValue, 0.003105, 3.4366019000000005E-07, -0.41098552942276, 0.003105, 0.003105
DataValue, 0.003115, 3.29600823E-07, -0.45112204551696805, 0.003115, 0.003115
DataValue, 0.003125, 3.5770276000000004E-07, -0.491121888160706, 0.003125, 0.003125
DataValue, 0.003135, 3.4161053E-07, -0.530958652496338, 0.003135, 0.003135
DataValue, 0.0031450000000000002, 3.2119814400000003E-07, -0.570553719997406, 0.0031450000000000002, 0.0031450000000000002
DataValue, 0.0031550000000000003, 3.7264425100000005E-07, -0.610772669315338, 0.0031550000000000003, 0.0031550000000000003
DataValue, 0.0031650000000000003, 4.14926888E-07, -0.65124773979187, 0.0031650000000000003, 0.0031650000000000003
DataValue, 0.0031750000000000003, 3.28081285E-07, -0.691208481788635, 0.0031750000000000003, 0.0031750000000000003
DataValue, 0.0031850000000000003, 3.1987843800000003E-07, -0.730890214443207, 0.0031850000000000003, 0.0031850000000000003
DataValue, 0.0031950000000000004, 3.5906310800000004E-07, -0.770943224430084, 0.0031950000000000004, 0.0031950000000000004
DataValue, 0.0032050000000000004, 3.58928474E-07, -0.81106567382812511, 0.0032050000000000004, 0.0032050000000000004
DataValue, 0.0032150000000000004, 3.6278024100000005E-07, -0.851134181022644, 0.0032150000000000004, 0.0032150000000000004
DataValue, 0.003225, 3.24009306E-07, -0.891237258911133, 0.003225, 0.003225
DataValue, 0.003235, 3.47438345E-07, -0.931262791156769, 0.003235, 0.003235
DataValue, 0.003245, 3.6502766E-07, -0.97081422805786111, 0.003245, 0.003245
DataValue, 0.003255, 3.8755283100000005E-07, -1.0111095905303962, 0.003255, 0.003255
DataValue, 0.003265, 3.51446488E-07, -1.05162239074707, 0.003265, 0.003265
DataValue, 0.003275, 3.2902440200000005E-07, -1.09185254573822, 0.003275, 0.003275
DataValue, 0.003285, 3.38847741E-07, -1.1318594217300422, 0.003285, 0.003285
DataValue, 0.003295, 4.57290156E-07, -1.171396732330322, 0.003295, 0.003295
DataValue, 0.003305, 3.4667331800000004E-07, -1.2111109495162962, 0.003305, 0.003305
DataValue, 0.0033150000000000002, 3.2101232300000005E-07, -1.251781105995178, 0.0033150000000000002, 0.0033150000000000002
DataValue, 0.0033250000000000003, 3.7561250100000003E-07, -1.2920835018157961, 0.0033250000000000003, 0.0033250000000000003
DataValue, 0.0033350000000000003, 3.75663006E-07, -1.331536650657654, 0.0033350000000000003, 0.0033350000000000003
DataValue, 0.0033450000000000003, 3.4940384800000003E-07, -1.37139105796814, 0.0033450000000000003, 0.0033450000000000003
DataValue, 0.0033550000000000003, 3.55159443E-07, -1.4117379188537602, 0.0033550000000000003, 0.0033550000000000003
DataValue, 0.0033650000000000004, 3.71786683E-07, -1.4521671533584601, 0.0033650000000000004, 0.0033650000000000004
DataValue, 0.0033750000000000004, 3.3394204E-07, -1.4919199943542481, 0.0033750000000000004, 0.0033750000000000004
DataValue, 0.0033850000000000004, 4.1132685200000003E-07, -1.531954407691956, 0.0033850000000000004, 0.0033850000000000004
DataValue, 0.003395, 3.41665242E-07, -1.5716850757598881, 0.003395, 0.003395
DataValue, 0.003405, 3.00657405E-07, -1.6115140914916992, 0.003405, 0.003405
DataValue, 0.003415, 3.69004255E-07, -1.652029275894165, 0.003415, 0.003415
DataValue, 0.003425, 3.3551978600000005E-07, -1.692115783691406, 0.003425, 0.003425
DataValue, 0.003435, 3.70815485E-07, -1.7318168878555302, 0.003435, 0.003435
DataValue, 0.003445, 3.0254017200000005E-07, -1.7715098857879641, 0.003445, 0.003445
DataValue, 0.003455, 3.2219526200000003E-07, -1.8116288185119631, 0.003455, 0.003455
DataValue, 0.003465, 3.63771761E-07, -1.8523758649826052, 0.003465, 0.003465
DataValue, 0.0034750000000000002, 3.09085323E-07, -1.8921101093292241, 0.0034750000000000002, 0.0034750000000000002
DataValue, 0.0034850000000000003, 3.0538291200000003E-07, -1.9318445920944212, 0.0034850000000000003, 0.0034850000000000003
DataValue, 0.0034950000000000003, 3.86650356E-07, -1.9719280004501341, 0.0034950000000000003, 0.0034950000000000003
DataValue, 0.0035050000000000003, -1.31848481E-07, -1.9719543457031252, 0.0035050000000000003, 0.0035050000000000003
DataValue, 0.0035150000000000003, -1.7871285300000002E-07, -1.9320971965789802, 0.0035150000000000003, 0.0035150000000000003
DataValue, 0.0035250000000000004, -1.8471737900000002E-07, -1.8922928571701052, 0.0035250000000000004, 0.0035250000000000004
DataValue, 0.0035350000000000004, -1.9645924000000002E-07, -1.8525481224060061, 0.0035350000000000004, 0.0035350000000000004
DataValue, 0.0035450000000000004, -3.0356508800000003E-07, -1.8118560314178471, 0.0035450000000000004, 0.0035450000000000004
DataValue, 0.0035550000000000004, -1.95309937E-07, -1.771971702575684, 0.0035550000000000004, 0.0035550000000000004
DataValue, 0.003565, -2.0019111000000002E-07, -1.7320131063461302, 0.003565, 0.003565
DataValue, 0.003575, -2.81319018E-07, -1.692173957824707, 0.003575, 0.003575
DataValue, 0.003585, -2.26429208E-07, -1.6527521610260012, 0.003585, 0.003585
DataValue, 0.003595, -2.23756174E-07, -1.612481355667114, 0.003595, 0.003595
DataValue, 0.003605, -2.85520684E-07, -1.5722744464874272, 0.003605, 0.003605
DataValue, 0.003615, -2.41059382E-07, -1.5323319435119631, 0.003615, 0.003615
DataValue, 0.003625, -2.49987977E-07, -1.4923821687698362, 0.003625, 0.003625
DataValue, 0.003635, -2.47673256E-07, -1.4528483152389531, 0.003635, 0.003635
DataValue, 0.0036450000000000002, -2.8034992300000003E-07, -1.4121785163879401, 0.0036450000000000002, 0.0036450000000000002
DataValue, 0.0036550000000000003, -1.9863300300000001E-07, -1.3721797466278081, 0.0036550000000000003, 0.0036550000000000003
DataValue, 0.0036650000000000003, -2.1548253000000001E-07, -1.332072496414185, 0.0036650000000000003, 0.0036650000000000003
DataValue, 0.0036750000000000003, -3.0990759100000005E-07, -1.292244553565979, 0.0036750000000000003, 0.0036750000000000003
DataValue, 0.0036850000000000003, -2.10631512E-07, -1.2522432804107671, 0.0036850000000000003, 0.0036850000000000003
DataValue, 0.0036950000000000004, -2.3102849400000001E-07, -1.2117929458618162, 0.0036950000000000004, 0.0036950000000000004
DataValue, 0.0037050000000000004, -2.84314609E-07, -1.1718426942825322, 0.0037050000000000004, 0.0037050000000000004
DataValue, 0.0037150000000000004, -2.4359008E-07, -1.1320521831512451, 0.0037150000000000004, 0.0037150000000000004
DataValue, 0.0037250000000000004, -2.79225191E-07, -1.092166066169739, 0.0037250000000000004, 0.0037250000000000004
DataValue, 0.003735, -2.2406331400000001E-07, -1.05202853679657, 0.003735, 0.003735
DataValue, 0.003745, -2.5664741100000004E-07, -1.011616468429565, 0.003745, 0.003745
DataValue, 0.003755, -2.98530352E-07, -0.971431732177734, 0.003755, 0.003755
DataValue, 0.003765, -2.46601786E-07, -0.9318683147430421, 0.003765, 0.003765
DataValue, 0.003775, -2.8725060000000004E-07, -0.892049908638, 0.003775, 0.003775
DataValue, 0.003785, -2.65071122E-07, -0.85166084766387906, 0.003785, 0.003785
DataValue, 0.003795, -2.9135060200000004E-07, -0.81164091825485207, 0.003795, 0.003795
DataValue, 0.0038050000000000002, -2.9278669400000004E-07, -0.771649539470673, 0.0038050000000000002, 0.0038050000000000002
DataValue, 0.0038150000000000002, -3.04612712E-07, -0.731658458709717, 0.0038150000000000002, 0.0038150000000000002
DataValue, 0.0038250000000000003, -2.6109663100000004E-07, -0.69185024499893211, 0.0038250000000000003, 0.0038250000000000003
DataValue, 0.0038350000000000003, -2.7318279200000003E-07, -0.65214246511459306, 0.0038350000000000003, 0.0038350000000000003
DataValue, 0.0038450000000000003, -3.6634986600000004E-07, -0.61157828569412209, 0.0038450000000000003, 0.0038450000000000003
DataValue, 0.0038550000000000004, -2.5850633300000004E-07, -0.571240961551666, 0.0038550000000000004, 0.0038550000000000004
DataValue, 0.0038650000000000004, -2.49659792E-07, -0.531541287899017, 0.0038650000000000004, 0.0038650000000000004
DataValue, 0.0038750000000000004, -3.4093639600000004E-07, -0.491462886333466, 0.0038750000000000004, 0.0038750000000000004
DataValue, 0.0038850000000000004, -3.53868245E-07, -0.451462686061859, 0.0038850000000000004, 0.0038850000000000004
DataValue, 0.0038950000000000005, -2.9605297400000005E-07, -0.41158542037010204, 0.0038950000000000005, 0.0038950000000000005
DataValue, 0.003905, -3.17895143E-07, -0.37159615755081205, 0.003905, 0.003905
DataValue, 0.003915, -3.11248328E-07, -0.33153784275054904, 0.003915, 0.003915
DataValue, 0.0039250000000000005, -3.04273328E-07, -0.291727155447006, 0.0039250000000000005, 0.0039250000000000005
DataValue, 0.003935, -2.9902611200000003E-07, -0.25159731507301303, 0.003935, 0.003935
DataValue, 0.0039450000000000006, -3.43394873E-07, -0.211375564336777, 0.0039450000000000006, 0.0039450000000000006
DataValue, 0.003955, -2.81138796E-07, -0.17124046385288202, 0.003955, 0.003955
DataValue, 0.0039650000000000006, -3.19122279E-07, -0.131642192602158, 0.0039650000000000006, 0.0039650000000000006
DataValue, 0.003975, -3.57078392E-07, -0.091688141226768008, 0.003975, 0.003975
DataValue, 0.003985, -3.0077706E-07, -0.051808062940836, 0.003985, 0.003985
DataValue, 0.003995, -3.06759119E-07, -0.011630333960056001, 0.003995, 0.003995
DataValue, 0.004005, -3.2721922600000004E-07, 0.028728101402521, 0.004005, 0.004005
DataValue, 0.004015, -3.24034289E-07, 0.068838901817799, 0.004015, 0.004015
DataValue, 0.004025, -3.22075806E-07, 0.10869291424751301, 0.004025, 0.004025
DataValue, 0.004035, -3.4478046E-07, 0.148425385355949, 0.004035, 0.004035
DataValue, 0.004045, -3.0144460100000005E-07, 0.18856613337993602, 0.004045, 0.004045
DataValue, 0.0040550000000000004, -2.83762034E-07, 0.22924546897411302, 0.0040550000000000004, 0.0040550000000000004
DataValue, 0.004065, -2.7970341400000005E-07, 0.26883000135421703, 0.004065, 0.004065
DataValue, 0.0040750000000000005, -3.3039572100000004E-07, 0.30857306718826305, 0.0040750000000000005, 0.0040750000000000005
DataValue, 0.004085, -3.22565256E-07, 0.34824883937835704, 0.004085, 0.004085
DataValue, 0.0040950000000000005, -3.0826814200000003E-07, 0.38839909434318504, 0.0040950000000000005, 0.0040950000000000005
DataValue, 0.004105, -3.27520041E-07, 0.428651124238968, 0.004105, 0.004105
DataValue, 0.0041150000000000006, -3.27224825E-07, 0.46864497661590604, 0.0041150000000000006, 0.0041150000000000006
DataValue, 0.004125, -3.345273E-07, 0.508141815662384, 0.004125, 0.004125
DataValue, 0.0041350000000000007, -3.05398771E-07, 0.54798597097396806, 0.0041350000000000007, 0.0041350000000000007
DataValue, 0.004145, -3.75944609E-07, 0.588267624378204, 0.004145, 0.004145
DataValue, 0.004155, -4.06623514E-07, 0.62875461578369107, 0.004155, 0.004155
DataValue, 0.004165, -4.09635959E-07, 0.66851383447647106, 0.004165, 0.004165
DataValue, 0.004175, -3.94485483E-07, 0.70819491147995006, 0.004175, 0.004175
DataValue, 0.004185, -3.82313061E-07, 0.74824583530426, 0.004185, 0.004185
DataValue, 0.004195, -3.6635339E-07, 0.7883608341217041, 0.004195, 0.004195
DataValue, 0.004205, -4.4067036200000003E-07, 0.82866507768631, 0.004205, 0.004205
DataValue, 0.004215, -4.4095156700000006E-07, 0.86854231357574507, 0.004215, 0.004215
DataValue, 0.0042250000000000005, -3.5735186500000005E-07, 0.90837025642395008, 0.0042250000000000005, 0.0042250000000000005
DataValue, 0.004235, -4.1463422900000004E-07, 0.948360562324524, 0.004235, 0.004235
DataValue, 0.0042450000000000005, -4.0588094000000005E-07, 0.9885062575340271, 0.0042450000000000005, 0.0042450000000000005
DataValue, 0.004255, -3.64534429E-07, 1.0285184383392332, 0.004255, 0.004255
DataValue, 0.0042650000000000006, -3.9335441200000003E-07, 1.0685914754867552, 0.0042650000000000006, 0.0042650000000000006
DataValue, 0.004275, -3.5128914500000004E-07, 1.108674883842468, 0.004275, 0.004275
DataValue, 0.0042850000000000006, -4.4072996300000003E-07, 1.148640513420105, 0.0042850000000000006, 0.0042850000000000006
DataValue, 0.004295, -3.99499157E-07, 1.1884734630584721, 0.004295, 0.004295
DataValue, 0.0043050000000000007, -3.7494538700000005E-07, 1.2287331819534302, 0.0043050000000000007, 0.0043050000000000007
DataValue, 0.004315, -3.5988816200000003E-07, 1.2691951990127561, 0.004315, 0.004315
DataValue, 0.004325, -3.5003049000000005E-07, 1.3090862035751341, 0.004325, 0.004325
DataValue, 0.004335, -3.4246716000000004E-07, 1.3488672971725462, 0.004335, 0.004335
DataValue, 0.004345, -3.8719352300000004E-07, 1.3887695074081421, 0.004345, 0.004345
DataValue, 0.004355, -3.1635528300000005E-07, 1.428791284561157, 0.004355, 0.004355
DataValue, 0.004365, -3.4137536900000004E-07, 1.4691592454910281, 0.004365, 0.004365
DataValue, 0.004375, -3.76001424E-07, 1.5090935230255131, 0.004375, 0.004375
DataValue, 0.004385, -2.95541781E-07, 1.5488495826721191, 0.004385, 0.004385
DataValue, 0.0043950000000000005, -3.13802843E-07, 1.588763475418091, 0.0043950000000000005, 0.0043950000000000005
DataValue, 0.004405, -2.8559151100000003E-07, 1.628894686698914, 0.004405, 0.004405
DataValue, 0.0044150000000000005, -3.15526449E-07, 1.6693700551986692, 0.0044150000000000005, 0.0044150000000000005
DataValue, 0.004425, -3.4318731000000003E-07, 1.7094527482986452, 0.004425, 0.004425
DataValue, 0.0044350000000000006, -3.53915908E-07, 1.7488790750503542, 0.0044350000000000006, 0.0044350000000000006
DataValue, 0.004445, -2.6762776900000003E-07, 1.7887662649154661, 0.004445, 0.004445
DataValue, 0.0044550000000000006, -2.9944826000000004E-07, 1.8291919231414802, 0.0044550000000000006, 0.0044550000000000006
DataValue, 0.004465, -2.72386217E-07, 1.8694760799407961, 0.004465, 0.004465
DataValue, 0.0044750000000000007, -3.24618412E-07, 1.9093853235244751, 0.0044750000000000007, 0.0044750000000000007
DataValue, 0.004485, -3.6245111800000005E-07, 1.9490047693252561, 0.004485, 0.004485
DataValue, 0.004495, -2.87493918E-07, 1.9886227846145632, 0.004495, 0.004495
DataValue, 0.004505, 1.2384997200000002E-07, 1.9886795282363892, 0.004505, 0.004505
DataValue, 0.004515, 2.2868319100000002E-07, 1.9490948915481572, 0.004515, 0.004515
DataValue, 0.004525, 2.3799815100000003E-07, 1.9094142913818362, 0.004525, 0.004525
DataValue, 0.004535, 2.7489824100000003E-07, 1.8696542978286741, 0.004535, 0.004535
DataValue, 0.004545, 2.0013457900000002E-07, 1.8293081521987922, 0.004545, 0.004545
DataValue, 0.004555, 2.73629752E-07, 1.7890526056289671, 0.004555, 0.004555
DataValue, 0.0045650000000000005, 2.3732988600000003E-07, 1.7489840984344482, 0.0045650000000000005, 0.0045650000000000005
DataValue, 0.004575, 2.06168536E-07, 1.709593653678894, 0.004575, 0.004575
DataValue, 0.0045850000000000005, 3.0409268E-07, 1.6693655252456672, 0.0045850000000000005, 0.0045850000000000005
DataValue, 0.004595, 3.03047159E-07, 1.6292287111282351, 0.004595, 0.004595
DataValue, 0.0046050000000000006, 2.3665531E-07, 1.5893182754516602, 0.0046050000000000006, 0.0046050000000000006
DataValue, 0.004615, 2.2912004700000002E-07, 1.5493611097335822, 0.004615, 0.004615
DataValue, 0.0046250000000000006, 2.84267202E-07, 1.5096493959426882, 0.0046250000000000006, 0.0046250000000000006
DataValue, 0.004635, 2.3655364600000003E-07, 1.4697535037994391, 0.004635, 0.004635
DataValue, 0.0046450000000000007, 2.33310516E-07, 1.4295035600662231, 0.0046450000000000007, 0.0046450000000000007
DataValue, 0.004655, 2.93883659E-07, 1.3892873525619511, 0.004655, 0.004655
DataValue, 0.004665, 2.9867086900000004E-07, 1.3494738340377812, 0.004665, 0.004665
DataValue, 0.004675, 2.62638167E-07, 1.309580445289612, 0.004675, 0.004675
DataValue, 0.004685, 2.5736153500000003E-07, 1.269617557525635, 0.004685, 0.004685
DataValue, 0.004695, 2.43771268E-07, 1.22922956943512, 0.004695, 0.004695
DataValue, 0.004705, 2.52519641E-07, 1.18902051448822, 0.004705, 0.004705
DataValue, 0.0047150000000000004, 3.51457714E-07, 1.1489477157592771, 0.0047150000000000004, 0.0047150000000000004
DataValue, 0.004725, 2.5385054400000003E-07, 1.1091039180755622, 0.004725, 0.004725
DataValue, 0.0047350000000000005, 2.65431822E-07, 1.0691554546356201, 0.0047350000000000005, 0.0047350000000000005
DataValue, 0.004745, 2.7396703200000004E-07, 1.0291862487792971, 0.004745, 0.004745
DataValue, 0.0047550000000000005, 2.4928701200000004E-07, 0.9889723062515261, 0.0047550000000000005, 0.0047550000000000005
DataValue, 0.004765, 2.7992595600000004E-07, 0.94879668951034513, 0.004765, 0.004765
DataValue, 0.0047750000000000006, 2.3562944300000002E-07, 0.90906667709350608, 0.0047750000000000006, 0.0047750000000000006
DataValue, 0.004785, 2.7334084500000003E-07, 0.86924648284912109, 0.004785, 0.004785
DataValue, 0.0047950000000000007, 3.11740848E-07, 0.82926386594772306, 0.0047950000000000007, 0.0047950000000000007
DataValue, 0.004805, 2.97015987E-07, 0.78880292177200306, 0.004805, 0.004805
DataValue, 0.0048150000000000007, 2.67590167E-07, 0.74850475788116411, 0.0048150000000000007, 0.0048150000000000007
DataValue, 0.004825, 2.61858418E-07, 0.70858275890350308, 0.004825, 0.004825
DataValue, 0.004835, 3.0025421400000004E-07, 0.6688678860664371, 0.004835, 0.004835
DataValue, 0.004845, 2.9838128100000004E-07, 0.629051923751831, 0.004845, 0.004845
DataValue, 0.004855, 3.0079624500000003E-07, 0.588445484638214, 0.004855, 0.004855
DataValue, 0.004865, 3.4296039100000004E-07, 0.54852104187011708, 0.004865, 0.004865
DataValue, 0.004875, 2.86372938E-07, 0.508901596069336, 0.004875, 0.004875
DataValue, 0.0048850000000000005, 2.86704619E-07, 0.46923288702964805, 0.0048850000000000005, 0.0048850000000000005
DataValue, 0.004895, 2.9466411900000003E-07, 0.429032266139984, 0.004895, 0.004895
DataValue, 0.0049050000000000005, 2.95087659E-07, 0.38888272643089306, 0.0049050000000000005, 0.0049050000000000005
DataValue, 0.004915, 3.06422805E-07, 0.349008291959763, 0.004915, 0.004915
DataValue, 0.0049250000000000006, 2.80043054E-07, 0.30906021595001204, 0.0049250000000000006, 0.0049250000000000006
DataValue, 0.004935, 3.6981484200000004E-07, 0.269207626581192, 0.004935, 0.004935
DataValue, 0.0049450000000000006, 2.49679715E-07, 0.228991851210594, 0.0049450000000000006, 0.0049450000000000006
DataValue, 0.004955, 3.1933220200000003E-07, 0.18844355642795602, 0.004955, 0.004955
DataValue, 0.0049650000000000007, 2.60552753E-07, 0.148695573210716, 0.0049650000000000007, 0.0049650000000000007
DataValue, 0.004975, 2.49143966E-07, 0.10867177695035901, 0.004975, 0.004975
DataValue, 0.0049850000000000007, 3.2666693500000005E-07, 0.068757534027100012, 0.0049850000000000007, 0.0049850000000000007
DataValue, 0.004995, 3.5161969E-07, 0.028956715017557002, 0.004995, 0.004995